   2.7217200e-03   3.6567587e+01   1.0881357e+00
   3.1947400e-03   1.4387725e+01   2.6844957e+00
   3.6696500e-03   1.4210505e+01   1.6270848e+00
   4.1432700e-03   1.3464699e+01   1.3973500e+00
   4.5822600e-03   1.0025489e+01   1.4736931e+00
   4.9827300e-03   8.9905028e+00   1.2857959e+00
   5.4291200e-03   8.3480489e+00   9.6063697e-01
   5.8870600e-03   7.1068994e+00   9.5273436e-01
   6.3032300e-03   6.1197834e+00   9.9282665e-01
   6.7149800e-03   6.4861308e+00   9.2855343e-01
   7.1309000e-03   5.2130947e+00   8.3691188e-01
   7.5570400e-03   5.8314548e+00   7.3376701e-01
   8.0015700e-03   4.9669898e+00   6.2622474e-01
   8.4631300e-03   4.1329722e+00   5.7430072e-01
   8.9171100e-03   4.5046583e+00   5.7922500e-01
   9.3607800e-03   3.7868870e+00   5.7150550e-01
   9.7989800e-03   3.7920660e+00   5.7674564e-01
   1.0230600e-02   3.7349106e+00   5.7967386e-01
   1.0656500e-02   3.6983277e+00   5.5805795e-01
   1.1091960e-02   3.1458624e+00   4.7007162e-01
   1.1570290e-02   2.6757845e+00   4.1326685e-01
   1.2039530e-02   3.7028638e+00   4.6380410e-01
   1.2475540e-02   2.6401619e+00   4.7628142e-01
   1.2925000e-02   2.7038009e+00   4.4794992e-01
   1.3379170e-02   3.4234676e+00   3.9225008e-01
   1.3885090e-02   2.5631957e+00   3.0114287e-01
   1.4431810e-02   2.7432833e+00   2.7151584e-01
   1.4979470e-02   2.5675819e+00   2.8467514e-01
   1.5499650e-02   2.3913470e+00   3.3304014e-01
   1.5981840e-02   2.5143129e+00   3.6212523e-01
   1.6466130e-02   3.1239301e+00   3.5264008e-01
   1.6959760e-02   1.9311640e+00   3.2754068e-01
   1.7466020e-02   2.2738501e+00   2.8989789e-01
   1.8018950e-02   2.7982179e+00   2.5476959e-01
   1.8580540e-02   2.3642148e+00   2.6968432e-01
   1.9107700e-02   1.9118429e+00   2.7946909e-01
   1.9650390e-02   2.5655312e+00   2.4647402e-01
   2.0237060e-02   1.8598064e+00   2.2128411e-01
   2.0827130e-02   2.1968031e+00   2.3505990e-01
   2.1390100e-02   2.1037135e+00   2.4369167e-01
   2.1968180e-02   2.4890110e+00   2.3210198e-01
   2.2556530e-02   1.7187213e+00   2.3539977e-01
   2.3132000e-02   2.3865249e+00   2.4114518e-01
   2.3715830e-02   1.9218807e+00   2.3268862e-01
   2.4310450e-02   2.0576301e+00   2.2596841e-01
   2.4913840e-02   2.2337047e+00   2.0918998e-01
   2.5555250e-02   1.7956002e+00   1.9186086e-01
   2.6204000e-02   2.1939440e+00   1.9231958e-01
   2.6854130e-02   1.6349641e+00   1.8779852e-01
   2.7516240e-02   2.2566612e+00   1.8969721e-01
   2.8175240e-02   1.8380666e+00   1.8019242e-01
   2.8868320e-02   2.0315414e+00   1.6317895e-01
   2.9607990e-02   1.8621104e+00   1.6115968e-01
   3.0334410e-02   1.7101936e+00   1.8178152e-01
   3.1047270e-02   2.0592991e+00   2.0481800e-01
   3.1763680e-02   1.8304763e+00   2.2113384e-01
   3.2494230e-02   2.0036405e+00   2.2737582e-01
   3.3251100e-02   1.7207894e+00   2.3800415e-01
   3.4009260e-02   2.0041134e+00   2.5772982e-01
   3.4772870e-02   1.5218658e+00   2.6762654e-01
   3.5562360e-02   2.0085608e+00   2.7758432e-01
   3.6367870e-02   1.9746500e+00   3.0215751e-01
   3.7173640e-02   1.4687331e+00   3.2172903e-01
   3.8002500e-02   1.5866630e+00   3.5618475e-01
   3.8841600e-02   1.9385812e+00   4.1280444e-01
   3.9687370e-02   2.1260592e+00   4.9448508e-01
   4.0543830e-02   1.0793726e+00   7.5232296e-01
   4.1341710e-02   2.9278416e+00   1.5841963e+00
   4.2099430e-02   1.4357633e+00   1.7588218e+00
   4.3572810e-02   1.5254222e+00   7.5533493e-01
   4.5044000e-02   1.5795569e+00   1.8495613e-01
   4.6446730e-02   1.8084534e+00   1.6862250e-01
   4.8135700e-02   1.7486586e+00   1.3627113e-01
   4.9955020e-02   1.3601145e+00   1.5442339e-01
   5.1233480e-02   1.8096749e+00   1.7162675e-01
   5.2879860e-02   1.9782914e+00   1.6897896e-01
   5.4432690e-02   1.8203455e+00   1.8624589e-01
   5.5918540e-02   1.6916673e+00   1.4200974e-01
   5.7600770e-02   1.6031942e+00   1.5640814e-01
   5.9168300e-02   2.3048668e+00   1.5071108e-01
   6.0994170e-02   1.6023952e+00   1.0881234e-01
   6.2786910e-02   2.0097377e+00   1.2318706e-01
   6.4587260e-02   2.2518091e+00   1.3437678e-01
   6.6351400e-02   1.6838135e+00   1.2353892e-01
   6.8111210e-02   2.3601307e+00   1.3048992e-01
   6.9991610e-02   2.9697994e+00   1.4646151e-01
   7.1713760e-02   1.4093917e+00   1.4152600e-01
   7.3474520e-02   2.7414540e+00   1.4273294e-01
   7.5415250e-02   3.4287962e+00   1.4571901e-01
   7.7313940e-02   1.9812130e+00   1.3480406e-01
   7.9345300e-02   3.8826548e+00   1.5129275e-01
   8.1486400e-02   2.6678822e+00   1.8777584e-01
   8.3324560e-02   1.1937255e+00   2.4925335e-01
   8.5412800e-02   1.3218519e+01   3.0984100e-01
   8.7591420e-02   1.3238000e+01   4.1361472e-01
   8.9558830e-02   2.9511649e+01   5.4173986e-01
   9.1804350e-02   4.2763508e+01   5.9532098e-01
   9.3880370e-02   3.4385594e+01   5.8911722e-01
   9.6176660e-02   4.7612091e+01   5.7175928e-01
   9.8450500e-02   2.3297362e+01   5.0066430e-01
   1.0051043e-01   1.4359249e+01   3.9031669e-01
   1.0294981e-01   4.8674365e+00   2.5023263e-01
   1.0512391e-01   1.9749709e+00   1.8904324e-01
   1.0755278e-01   3.0051413e+00   1.4000347e-01
   1.0990883e-01   1.9277106e+00   1.1083027e-01
   1.1244154e-01   3.4808593e+00   9.6254578e-02
   1.1499993e-01   1.8794029e+00   8.8028759e-02
   1.1750239e-01   2.8592195e+00   8.3167837e-02
   1.2020322e-01   1.9531227e+00   7.2835317e-02
   1.2282100e-01   2.2002122e+00   7.2802072e-02
   1.2554282e-01   1.8679611e+00   7.1430699e-02
   1.2810408e-01   1.9351662e+00   6.5694946e-02
   1.3102353e-01   1.4900441e+00   6.0465534e-02
   1.3370214e-01   1.8133937e+00   6.1273081e-02
   1.3663349e-01   1.4001035e+00   5.5590988e-02
   1.3946530e-01   1.7327794e+00   5.4682182e-02
   1.4251987e-01   1.1555303e+00   4.8801755e-02
   1.4553400e-01   1.6928448e+00   5.2150448e-02
   1.4856066e-01   1.2334823e+00   4.5740543e-02
   1.5183509e-01   1.3497540e+00   4.6846779e-02
   1.5484856e-01   1.2611239e+00   4.4227897e-02
   1.5828075e-01   1.2438563e+00   4.3542194e-02
   1.6140872e-01   1.4308795e+00   4.5008812e-02
   1.6482463e-01   1.1432657e+00   3.9913285e-02
   1.6831944e-01   1.2747424e+00   4.3282818e-02
   1.7164852e-01   1.4463355e+00   4.2215861e-02
   1.7532467e-01   1.2915815e+00   4.3232835e-02
   1.7876744e-01   1.9348834e+00   4.6901450e-02
   1.8241077e-01   1.6802176e+00   4.0440788e-02
   1.8639341e-01   1.8280505e+00   4.1429779e-02
   1.9008794e-01   2.0998901e+00   4.5598944e-02
   1.9382503e-01   1.4362843e+00   3.8837061e-02
   1.9793047e-01   1.4400331e+00   3.4201600e-02
   2.0196078e-01   1.0811342e+00   3.4177906e-02
   2.0589023e-01   9.9900154e-01   3.0993461e-02
   2.1010643e-01   7.7623095e-01   2.5932186e-02
   2.1447847e-01   7.2394302e-01   2.4605736e-02
   2.1877480e-01   7.6537081e-01   2.5093234e-02
   2.2302420e-01   6.6736597e-01   2.3318945e-02
   2.2751415e-01   5.9482348e-01   2.0694961e-02
   2.3214025e-01   6.1171744e-01   1.9716242e-02
   2.3680051e-01   5.4520904e-01   1.8889146e-02
   2.4155418e-01   5.0957375e-01   1.8326165e-02
   2.4631334e-01   5.1015427e-01   1.8210751e-02
   2.5109113e-01   4.8163161e-01   1.7092548e-02
   2.5611512e-01   4.3299090e-01   1.5489975e-02
   2.6127861e-01   4.3616361e-01   1.4765388e-02
   2.6654021e-01   4.0632964e-01   1.4309724e-02
   2.7185319e-01   4.2293460e-01   1.4219256e-02
   2.7719600e-01   3.7221786e-01   1.3658670e-02
   2.8267257e-01   3.7036562e-01   1.2913202e-02
   2.8829269e-01   3.4356049e-01   1.2399100e-02
   2.9397450e-01   3.4896122e-01   1.2111871e-02
   2.9975375e-01   3.0438501e-01   1.1539858e-02
   3.0567867e-01   3.3261044e-01   1.1283624e-02
   3.1163605e-01   2.7173628e-01   1.1073133e-02
   3.1774468e-01   2.9425322e-01   1.0632284e-02
   3.2400374e-01   2.7515903e-01   1.0477111e-02
   3.3031886e-01   2.8718836e-01   1.0286815e-02
   3.3679567e-01   2.4859265e-01   9.7838719e-03
   3.4347727e-01   2.5950000e-01   9.6034868e-03
   3.5025256e-01   2.4294122e-01   9.6682626e-03
   3.5711088e-01   2.4929386e-01   9.7954118e-03
   3.6402107e-01   2.4890367e-01   9.7707164e-03
   3.7111563e-01   2.2976282e-01   9.3433880e-03
   3.7844949e-01   2.4317152e-01   9.2308262e-03
   3.8585516e-01   2.4214314e-01   9.3732280e-03
   3.9336977e-01   2.2224713e-01   9.2479861e-03
   4.0105392e-01   2.4919221e-01   9.1454320e-03
   4.0888170e-01   2.2635699e-01   9.1232962e-03
   4.1685032e-01   2.2729066e-01   9.0198348e-03
   4.2495624e-01   2.4247028e-01   8.9122954e-03
   4.3328380e-01   2.1679998e-01   8.8564487e-03
   4.4165071e-01   2.3408975e-01   8.7970772e-03
   4.5031574e-01   2.2893607e-01   8.6981315e-03
   4.5900486e-01   2.2642297e-01   8.7094201e-03
   4.6796546e-01   2.3149123e-01   8.4362899e-03
   4.7711386e-01   2.1989129e-01   8.5638919e-03
   4.8626432e-01   2.3250473e-01   8.4360095e-03
   4.9580203e-01   2.0377527e-01   8.1659711e-03
   5.0549565e-01   2.4630548e-01   8.3542220e-03
   5.1522328e-01   2.2557555e-01   8.5067934e-03
   5.2508621e-01   2.2761794e-01   8.3211571e-03
   5.3530281e-01   2.2492880e-01   8.0372367e-03
   5.4573432e-01   2.2570630e-01   8.0037282e-03
   5.5633493e-01   2.3165307e-01   7.9305734e-03
   5.6715525e-01   2.1357899e-01   8.3471732e-03
   5.7784791e-01   2.3814343e-01   9.4927499e-03
   5.8906605e-01   2.1293007e-01   1.0601053e-02
   6.0047680e-01   2.3218681e-01   1.2350498e-02
   6.1204215e-01   2.0877181e-01   1.4995264e-02
   6.2369515e-01   2.1886174e-01   2.0877210e-02
   6.3518401e-01   2.7555132e-01   4.2564387e-02
   6.4574395e-01   2.2230888e-01   1.0467920e-02
