   2.7217200e-03   3.6567587e+01   1.0881357e+00
   3.1947400e-03   1.4387725e+01   2.6844957e+00
   3.6696500e-03   1.4210505e+01   1.6270848e+00
   4.1432700e-03   1.1564012e+01   3.8434737e-01
   4.5822600e-03   1.0213764e+01   3.0802036e-01
   4.9827300e-03   9.0643493e+00   2.6921238e-01
   5.4291200e-03   7.9746297e+00   2.1868244e-01
   5.8870600e-03   7.0915451e+00   2.1309911e-01
   6.3032300e-03   6.3925520e+00   1.9355827e-01
   6.7149800e-03   6.0770034e+00   1.7935080e-01
   7.1309000e-03   5.6292006e+00   1.6513026e-01
   7.5570400e-03   5.4300083e+00   1.5315514e-01
   8.0015700e-03   4.9359106e+00   1.3813431e-01
   8.4631300e-03   4.4548749e+00   1.2691353e-01
   8.9171100e-03   4.2241852e+00   1.2335385e-01
   9.3607800e-03   3.9311959e+00   1.1591369e-01
   9.7989800e-03   3.8201756e+00   1.1331041e-01
   1.0230600e-02   3.6839966e+00   1.0864295e-01
   1.0656500e-02   3.4997860e+00   1.0498773e-01
   1.1091960e-02   3.2447295e+00   9.7315792e-02
   1.1570290e-02   3.0340752e+00   8.8100248e-02
   1.2039530e-02   3.1217821e+00   9.3026745e-02
   1.2475540e-02   2.9479172e+00   8.6302387e-02
   1.2925000e-02   2.9250357e+00   8.1869798e-02
   1.3379170e-02   2.9810464e+00   8.0722193e-02
   1.3885090e-02   2.7839723e+00   6.9404878e-02
   1.4431810e-02   2.6914483e+00   6.7836560e-02
   1.4979470e-02   2.5448371e+00   6.5062468e-02
   1.5499650e-02   2.5388494e+00   6.7322608e-02
   1.5981840e-02   2.5657805e+00   6.7177900e-02
   1.6466130e-02   2.6119101e+00   6.6158669e-02
   1.6959760e-02   2.3705470e+00   6.2450497e-02
   1.7466020e-02   2.3936037e+00   6.0799852e-02
   1.8018950e-02   2.4663194e+00   5.6437683e-02
   1.8580540e-02   2.3816214e+00   5.5977198e-02
   1.9107700e-02   2.2137879e+00   5.4458184e-02
   1.9650390e-02   2.2341515e+00   5.1983538e-02
   2.0237060e-02   2.0801900e+00   4.8871564e-02
   2.0827130e-02   2.1615917e+00   4.9258773e-02
   2.1390100e-02   2.1448872e+00   4.9131705e-02
   2.1968180e-02   2.2285603e+00   4.7278986e-02
   2.2556530e-02   2.0631274e+00   4.7011811e-02
   2.3132000e-02   2.1321704e+00   4.6959068e-02
   2.3715830e-02   2.0525753e+00   4.4952455e-02
   2.4310450e-02   2.0749370e+00   4.4156625e-02
   2.4913840e-02   2.0810453e+00   4.2852840e-02
   2.5555250e-02   1.9708678e+00   3.9994263e-02
   2.6204000e-02   2.0045855e+00   4.0533673e-02
   2.6854130e-02   1.9008816e+00   3.8004704e-02
   2.7516240e-02   2.0224445e+00   3.8409918e-02
   2.8175240e-02   1.9508741e+00   3.6940908e-02
   2.8868320e-02   1.9533631e+00   3.6078286e-02
   2.9607990e-02   1.8741114e+00   3.6917306e-02
   3.0334410e-02   1.8428329e+00   3.8766763e-02
   3.1047270e-02   1.9184826e+00   4.1681135e-02
   3.1763680e-02   1.8955628e+00   4.5269028e-02
   3.2494230e-02   1.9224216e+00   4.6978039e-02
   3.3251100e-02   1.8256482e+00   4.9496277e-02
   3.4009260e-02   1.8453621e+00   5.2657454e-02
   3.4772870e-02   1.7743824e+00   5.4858067e-02
   3.5562360e-02   1.8614682e+00   5.8063635e-02
   3.6367870e-02   1.8047955e+00   6.3367701e-02
   3.7173640e-02   1.6729946e+00   6.6815155e-02
   3.8002500e-02   1.7042690e+00   7.4800557e-02
   3.8841600e-02   1.7889934e+00   9.4547494e-02
   3.9687370e-02   1.9037760e+00   1.3889242e-01
   4.0543830e-02   1.7810429e+00   1.1443237e-01
   4.1341710e-02   1.9985904e+00   1.9222365e-01
   4.2099430e-02   1.7636863e+00   3.9125686e-01
   4.3572810e-02   1.6561021e+00   7.1685222e-02
   4.5044000e-02   1.6105174e+00   6.0291218e-02
   4.6446730e-02   1.6912667e+00   9.1550964e-02
   4.8135700e-02   1.6772141e+00   4.0563769e-02
   4.9955020e-02   1.6123165e+00   3.2411712e-02
   5.1233480e-02   1.7312292e+00   3.1519047e-02
   5.2879860e-02   1.8365090e+00   3.8603690e-02
   5.4432690e-02   1.8089319e+00   3.9008509e-02
   5.5918540e-02   1.7781115e+00   2.5558935e-02
   5.7600770e-02   1.7796911e+00   3.4090557e-02
   5.9168300e-02   1.9408497e+00   3.5172846e-02
   6.0994170e-02   1.8662986e+00   2.3704191e-02
   6.2786910e-02   1.9629086e+00   2.9650094e-02
   6.4587260e-02   2.0299299e+00   3.1515687e-02
   6.6351400e-02   2.0654589e+00   2.4523437e-02
   6.8111210e-02   2.2470035e+00   2.9303072e-02
   6.9991610e-02   2.3871446e+00   3.2632177e-02
   7.1713760e-02   2.2407531e+00   2.5428190e-02
   7.3474520e-02   2.5036251e+00   3.0691713e-02
   7.5415250e-02   2.7693856e+00   3.3653219e-02
   7.7313940e-02   2.5990365e+00   2.7736920e-02
   7.9345300e-02   2.6137295e+00   3.9836158e-02
   8.1486400e-02   2.9262455e+00   4.0208850e-02
   8.3324560e-02   4.3852264e+00   5.0761989e-02
   8.5412800e-02   1.0696819e+01   7.5616272e-02
   8.7591420e-02   1.8181610e+01   8.1759271e-02
   8.9558830e-02   2.8288045e+01   1.1577665e-01
   9.1804350e-02   3.7797682e+01   1.2760879e-01
   9.3880370e-02   3.9404805e+01   1.1920077e-01
   9.6176660e-02   3.8577776e+01   1.3324012e-01
   9.8450500e-02   2.6456032e+01   9.3620059e-02
   1.0051043e-01   1.6327082e+01   8.1645733e-02
   1.0294981e-01   6.6136839e+00   5.5124900e-02
   1.0512391e-01   3.0069234e+00   4.1093462e-02
   1.0755278e-01   2.1540227e+00   3.2885509e-02
   1.0990883e-01   2.1308784e+00   2.3932039e-02
   1.1244154e-01   2.5959944e+00   2.2405563e-02
   1.1499993e-01   2.3342928e+00   1.8292759e-02
   1.1750239e-01   2.4422622e+00   1.8371362e-02
   1.2020322e-01   2.1383684e+00   1.5551196e-02
   1.2282100e-01   2.1038340e+00   1.5638531e-02
   1.2554282e-01   1.9075137e+00   1.4363842e-02
   1.2810408e-01   1.8396116e+00   1.3787050e-02
   1.3102353e-01   1.6550255e+00   1.2545279e-02
   1.3370214e-01   1.6603759e+00   1.2789158e-02
   1.3663349e-01   1.5289086e+00   1.1294099e-02
   1.3946530e-01   1.5485015e+00   1.1736303e-02
   1.4251987e-01   1.3997164e+00   1.0071783e-02
   1.4553400e-01   1.4598219e+00   1.1073202e-02
   1.4856066e-01   1.3397407e+00   9.4623256e-03
   1.5183509e-01   1.3221781e+00   9.8674862e-03
   1.5484856e-01   1.2803654e+00   9.1781808e-03
   1.5828075e-01   1.2802422e+00   9.0056775e-03
   1.6140872e-01   1.2977973e+00   9.2537189e-03
   1.6482463e-01   1.2502472e+00   8.4093531e-03
   1.6831944e-01   1.2824465e+00   8.9930489e-03
   1.7164852e-01   1.3825715e+00   8.6619639e-03
   1.7532467e-01   1.4872640e+00   8.7577765e-03
   1.7876744e-01   1.7077649e+00   9.4370585e-03
   1.8241077e-01   1.7843977e+00   8.6393862e-03
   1.8639341e-01   1.8608345e+00   8.8007782e-03
   1.9008794e-01   1.8441896e+00   8.9543401e-03
   1.9382503e-01   1.6020828e+00   7.8913687e-03
   1.9793047e-01   1.3904135e+00   7.4068043e-03
   2.0196078e-01   1.1324361e+00   6.8473179e-03
   2.0589023e-01   9.7493701e-01   6.2682246e-03
   2.1010643e-01   8.1931023e-01   5.5833614e-03
   2.1447847e-01   7.4689214e-01   5.2391855e-03
   2.1877480e-01   7.1328339e-01   5.0117653e-03
   2.2302420e-01   6.6849251e-01   4.6813629e-03
   2.2751415e-01   6.2000146e-01   4.3261131e-03
   2.3214025e-01   5.8734019e-01   4.1852783e-03
   2.3680051e-01   5.5004007e-01   3.9362729e-03
   2.4155418e-01   5.2129172e-01   3.7429153e-03
   2.4631334e-01   4.9876821e-01   3.6377261e-03
   2.5109113e-01   4.7499284e-01   3.4590132e-03
   2.5611512e-01   4.4632201e-01   3.2386821e-03
   2.6127861e-01   4.3083608e-01   3.1385237e-03
   2.6654021e-01   4.1428624e-01   2.9846079e-03
   2.7185319e-01   4.0581545e-01   2.9166047e-03
   2.7719600e-01   3.8245725e-01   2.7815791e-03
   2.8267257e-01   3.6773813e-01   2.6725763e-03
   2.8829269e-01   3.4841138e-01   2.5594060e-03
   2.9397450e-01   3.3891593e-01   2.4921945e-03
   2.9975375e-01   3.1918240e-01   2.3655139e-03
   3.0567867e-01   3.1194846e-01   2.3070805e-03
   3.1163605e-01   2.9081927e-01   2.2585524e-03
   3.1774468e-01   2.8794840e-01   2.1776940e-03
   3.2400374e-01   2.7840868e-01   2.1426642e-03
   3.3031886e-01   2.7507840e-01   2.0985043e-03
   3.3679567e-01   2.5988692e-01   2.0213086e-03
   3.4347727e-01   2.5463920e-01   2.0088155e-03
   3.5025256e-01   2.4782904e-01   1.9953513e-03
   3.5711088e-01   2.4668847e-01   1.9764290e-03
   3.6402107e-01   2.4368655e-01   1.9834467e-03
   3.7111563e-01   2.3885210e-01   1.9216682e-03
   3.7844949e-01   2.3860185e-01   1.9123110e-03
   3.8585516e-01   2.3769486e-01   1.9261241e-03
   3.9336977e-01   2.3390647e-01   1.8824047e-03
   4.0105392e-01   2.3650117e-01   1.8721520e-03
   4.0888170e-01   2.3221167e-01   1.8719438e-03
   4.1685032e-01   2.3116467e-01   1.8349903e-03
   4.2495624e-01   2.3192699e-01   1.8352809e-03
   4.3328380e-01   2.2738614e-01   1.8035779e-03
   4.4165071e-01   2.2950896e-01   1.8058314e-03
   4.5031574e-01   2.2862973e-01   1.7721429e-03
   4.5900486e-01   2.2820156e-01   1.7854131e-03
   4.6796546e-01   2.2807626e-01   1.7305892e-03
   4.7711386e-01   2.2369245e-01   1.7445684e-03
   4.8626432e-01   2.2478409e-01   1.7222339e-03
   4.9580203e-01   2.2106329e-01   1.6911452e-03
   5.0549565e-01   2.3080432e-01   1.7100680e-03
   5.1522328e-01   2.2857915e-01   1.7011773e-03
   5.2508621e-01   2.2842309e-01   1.6830247e-03
   5.3530281e-01   2.2623410e-01   1.6521829e-03
   5.4573432e-01   2.2585622e-01   1.6692792e-03
   5.5633493e-01   2.2685931e-01   1.6599791e-03
   5.6715525e-01   2.2325466e-01   1.6697010e-03
   5.7784791e-01   2.2695974e-01   1.9453281e-03
   5.8906605e-01   2.2143134e-01   2.2353756e-03
   6.0047680e-01   2.2422625e-01   2.0980200e-03
   6.1204215e-01   2.0877181e-01   1.4995264e-02
   6.2369515e-01   2.1886174e-01   2.0877210e-02
   6.3518401e-01   2.7555132e-01   4.2564387e-02
   6.4574395e-01   2.2230888e-01   1.0467920e-02
