   2.7217200e-03   3.6567587e+01   1.0881357e+00
   3.1947400e-03   1.4387725e+01   2.6844957e+00
   3.6696500e-03   1.3358291e+01   6.9137584e-01
   4.1432700e-03   1.2520037e+01   4.8002050e-01
   4.5822600e-03   1.0377942e+01   4.2661357e-01
   4.9827300e-03   9.0076271e+00   3.7998158e-01
   5.4291200e-03   8.1512270e+00   3.2299776e-01
   5.8870600e-03   7.0864788e+00   3.0482412e-01
   6.3032300e-03   6.3767586e+00   2.8130676e-01
   6.7149800e-03   6.0875640e+00   2.7353903e-01
   7.1309000e-03   5.6309214e+00   2.4617261e-01
   7.5570400e-03   5.5045692e+00   2.2276555e-01
   8.0015700e-03   4.9674344e+00   1.9819782e-01
   8.4631300e-03   4.3754545e+00   1.8194830e-01
   8.9171100e-03   4.2455007e+00   1.7750013e-01
   9.3607800e-03   3.9414502e+00   1.7058128e-01
   9.7989800e-03   3.7658462e+00   1.7169773e-01
   1.0230600e-02   3.7413901e+00   1.6645684e-01
   1.0656500e-02   3.5809245e+00   1.5676240e-01
   1.1091960e-02   3.1499131e+00   1.4460450e-01
   1.1570290e-02   2.9830383e+00   1.3252486e-01
   1.2039530e-02   3.2278520e+00   1.3661537e-01
   1.2475540e-02   2.9028177e+00   1.3273064e-01
   1.2925000e-02   2.8606775e+00   1.2644705e-01
   1.3379170e-02   3.0745753e+00   1.1656347e-01
   1.3885090e-02   2.7845547e+00   9.7546256e-02
   1.4431810e-02   2.6612204e+00   9.3442984e-02
   1.4979470e-02   2.5643124e+00   9.1213201e-02
   1.5499650e-02   2.4491398e+00   9.8650739e-02
   1.5981840e-02   2.6259508e+00   1.0119247e-01
   1.6466130e-02   2.7238856e+00   1.0259653e-01
   1.6959760e-02   2.2677057e+00   9.3567974e-02
   1.7466020e-02   2.3124666e+00   8.8824014e-02
   1.8018950e-02   2.6064933e+00   8.2405041e-02
   1.8580540e-02   2.3652335e+00   8.1573547e-02
   1.9107700e-02   2.1632347e+00   7.8678310e-02
   1.9650390e-02   2.2631408e+00   7.5959786e-02
   2.0237060e-02   2.0811545e+00   7.1421198e-02
   2.0827130e-02   2.0910394e+00   7.1047884e-02
   2.1390100e-02   2.2169544e+00   7.1274825e-02
   2.1968180e-02   2.2372407e+00   7.0818790e-02
   2.2556530e-02   2.0407029e+00   7.0207729e-02
   2.3132000e-02   2.1257777e+00   7.0229191e-02
   2.3715830e-02   2.0577719e+00   6.8475169e-02
   2.4310450e-02   2.0686736e+00   6.5786194e-02
   2.4913840e-02   2.0984314e+00   6.3209554e-02
   2.5555250e-02   1.9809255e+00   5.8872456e-02
   2.6204000e-02   1.9757648e+00   5.8880168e-02
   2.6854130e-02   1.8971978e+00   5.6012543e-02
   2.7516240e-02   2.0224319e+00   5.6721950e-02
   2.8175240e-02   1.9802733e+00   5.3095593e-02
   2.8868320e-02   1.9529612e+00   5.2066020e-02
   2.9607990e-02   1.8627142e+00   5.2342754e-02
   3.0334410e-02   1.8159612e+00   5.5639591e-02
   3.1047270e-02   1.9289468e+00   6.0899897e-02
   3.1763680e-02   1.9252462e+00   6.5988974e-02
   3.2494230e-02   1.9025724e+00   6.9008738e-02
   3.3251100e-02   1.8479934e+00   7.2806447e-02
   3.4009260e-02   1.8284935e+00   7.6804920e-02
   3.4772870e-02   1.7363301e+00   8.0570237e-02
   3.5562360e-02   1.8975479e+00   8.5095209e-02
   3.6367870e-02   1.8747214e+00   9.1817461e-02
   3.7173640e-02   1.5992003e+00   9.7842690e-02
   3.8002500e-02   1.6272802e+00   1.0957656e-01
   3.8841600e-02   1.9080033e+00   1.2825468e-01
   3.9687370e-02   1.8636705e+00   1.7456113e-01
   4.0543830e-02   1.7118487e+00   3.0276157e-01
   4.1341710e-02   2.0826277e+00   2.5681598e-01
   4.2099430e-02   1.8254992e+00   5.3516342e-01
   4.3572810e-02   1.4806785e+00   1.6517272e-01
   4.5044000e-02   1.6169965e+00   1.8489215e-01
   4.6446730e-02   1.7489581e+00   5.5571296e-02
   4.8135700e-02   1.6908539e+00   5.3600645e-02
   4.9955020e-02   1.5434421e+00   4.5707068e-02
   5.1233480e-02   1.7236834e+00   4.6603364e-02
   5.2879860e-02   1.9211875e+00   5.6355573e-02
   5.4432690e-02   1.8308078e+00   5.3542134e-02
   5.5918540e-02   1.6923182e+00   4.1938745e-02
   5.7600770e-02   1.7883082e+00   4.8247131e-02
   5.9168300e-02   1.9935837e+00   4.6535742e-02
   6.0994170e-02   1.8294273e+00   3.5515909e-02
   6.2786910e-02   1.9653188e+00   4.0241469e-02
   6.4587260e-02   2.0747470e+00   4.2839140e-02
   6.6351400e-02   1.9535576e+00   3.6284350e-02
   6.8111210e-02   2.3390417e+00   4.1861926e-02
   6.9991610e-02   2.4971370e+00   4.6356978e-02
   7.1713760e-02   2.0589155e+00   3.8548714e-02
   7.3474520e-02   2.5794330e+00   4.4612373e-02
   7.5415250e-02   2.9256093e+00   4.7354356e-02
   7.7313940e-02   2.6568105e+00   3.8826390e-02
   7.9345300e-02   3.1062208e+00   5.5026244e-02
   8.1486400e-02   2.3757769e+00   6.0033559e-02
   8.3324560e-02   3.8689967e+00   7.0396661e-02
   8.5412800e-02   1.0369055e+01   1.1265010e-01
   8.7591420e-02   1.6964521e+01   1.1893684e-01
   8.9558830e-02   2.8760420e+01   1.6400292e-01
   9.1804350e-02   3.8722457e+01   1.8380268e-01
   9.3880370e-02   4.0065738e+01   1.6653861e-01
   9.6176660e-02   4.0512220e+01   1.9413296e-01
   9.8450500e-02   2.7041996e+01   1.3191587e-01
   1.0051043e-01   1.4264374e+01   1.2787360e-01
   1.0294981e-01   5.7236600e+00   7.9035762e-02
   1.0512391e-01   2.4815010e+00   6.2125822e-02
   1.0755278e-01   2.3127167e+00   4.5903496e-02
   1.0990883e-01   2.4051860e+00   3.3861880e-02
   1.1244154e-01   2.7400955e+00   3.2465445e-02
   1.1499993e-01   2.4383412e+00   2.5476076e-02
   1.1750239e-01   2.4231593e+00   2.6646243e-02
   1.2020322e-01   2.1990794e+00   2.2085366e-02
   1.2282100e-01   2.0601185e+00   2.3044027e-02
   1.2554282e-01   1.9556095e+00   2.0433544e-02
   1.2810408e-01   1.8205549e+00   2.0449532e-02
   1.3102353e-01   1.6535987e+00   1.8284240e-02
   1.3370214e-01   1.6426637e+00   1.8592614e-02
   1.3663349e-01   1.5664789e+00   1.6416300e-02
   1.3946530e-01   1.5261609e+00   1.7062902e-02
   1.4251987e-01   1.3971274e+00   1.4699712e-02
   1.4553400e-01   1.4640789e+00   1.5818218e-02
   1.4856066e-01   1.3622445e+00   1.3872116e-02
   1.5183509e-01   1.2988018e+00   1.4279807e-02
   1.5484856e-01   1.2747449e+00   1.3313317e-02
   1.5828075e-01   1.2888221e+00   1.3339391e-02
   1.6140872e-01   1.3212831e+00   1.3135514e-02
   1.6482463e-01   1.2274261e+00   1.2610136e-02
   1.6831944e-01   1.2778069e+00   1.2890665e-02
   1.7164852e-01   1.3673660e+00   1.2795384e-02
   1.7532467e-01   1.4697219e+00   1.3082856e-02
   1.7876744e-01   1.7320224e+00   1.3363424e-02
   1.8241077e-01   1.7771073e+00   1.2812047e-02
   1.8639341e-01   1.8687494e+00   1.2924939e-02
   1.9008794e-01   1.9000885e+00   1.2751496e-02
   1.9382503e-01   1.5957913e+00   1.1690201e-02
   1.9793047e-01   1.3596504e+00   1.1031789e-02
   2.0196078e-01   1.1411942e+00   9.8964901e-03
   2.0589023e-01   9.6237911e-01   9.1776901e-03
   2.1010643e-01   8.0587968e-01   8.2130773e-03
   2.1447847e-01   7.3687298e-01   7.6810285e-03
   2.1877480e-01   7.3097499e-01   7.3090181e-03
   2.2302420e-01   6.7211450e-01   6.9003434e-03
   2.2751415e-01   6.1264390e-01   6.3866787e-03
   2.3214025e-01   5.9198329e-01   6.0567438e-03
   2.3680051e-01   5.5134943e-01   5.7310170e-03
   2.4155418e-01   5.1624936e-01   5.5570189e-03
   2.4631334e-01   5.0316376e-01   5.3486191e-03
   2.5109113e-01   4.7693327e-01   5.0932091e-03
   2.5611512e-01   4.4364707e-01   4.7510261e-03
   2.6127861e-01   4.2797276e-01   4.5535755e-03
   2.6654021e-01   4.1651863e-01   4.3471510e-03
   2.7185319e-01   4.0794191e-01   4.2752852e-03
   2.7719600e-01   3.8326535e-01   4.0711089e-03
   2.8267257e-01   3.6437637e-01   3.9350588e-03
   2.8829269e-01   3.5062347e-01   3.7501027e-03
   2.9397450e-01   3.3748690e-01   3.6454568e-03
   2.9975375e-01   3.2056923e-01   3.4884966e-03
   3.0567867e-01   3.1235302e-01   3.4025647e-03
   3.1163605e-01   2.9009914e-01   3.3097170e-03
   3.1774468e-01   2.8435171e-01   3.2180764e-03
   3.2400374e-01   2.8229025e-01   3.1516601e-03
   3.3031886e-01   2.7583593e-01   3.0729234e-03
   3.3679567e-01   2.5940401e-01   2.9693926e-03
   3.4347727e-01   2.5286440e-01   2.9367543e-03
   3.5025256e-01   2.4777420e-01   2.9264497e-03
   3.5711088e-01   2.4765324e-01   2.9132048e-03
   3.6402107e-01   2.4461672e-01   2.9105016e-03
   3.7111563e-01   2.3674451e-01   2.8320500e-03
   3.7844949e-01   2.3989462e-01   2.8094603e-03
   3.8585516e-01   2.3790785e-01   2.8120940e-03
   3.9336977e-01   2.3261969e-01   2.7730000e-03
   4.0105392e-01   2.3812774e-01   2.7567668e-03
   4.0888170e-01   2.3168328e-01   2.7520395e-03
   4.1685032e-01   2.3038323e-01   2.6934204e-03
   4.2495624e-01   2.3343450e-01   2.7071698e-03
   4.3328380e-01   2.2633081e-01   2.6447947e-03
   4.4165071e-01   2.2892664e-01   2.6611217e-03
   4.5031574e-01   2.2962429e-01   2.6061732e-03
   4.5900486e-01   2.2816922e-01   2.6152614e-03
   4.6796546e-01   2.2780111e-01   2.5591908e-03
   4.7711386e-01   2.2537324e-01   2.5598614e-03
   4.8626432e-01   2.2289642e-01   2.5222751e-03
   4.9580203e-01   2.1929462e-01   2.4988499e-03
   5.0549565e-01   2.3224012e-01   2.5171530e-03
   5.1522328e-01   2.3114130e-01   2.5056110e-03
   5.2508621e-01   2.2648845e-01   2.4901596e-03
   5.3530281e-01   2.2563915e-01   2.4353242e-03
   5.4573432e-01   2.2692871e-01   2.4177742e-03
   5.5633493e-01   2.2633657e-01   2.4584717e-03
   5.6715525e-01   2.2320330e-01   2.4992762e-03
   5.7784791e-01   2.2689595e-01   2.8711948e-03
   5.8906605e-01   2.2288489e-01   3.2621412e-03
   6.0047680e-01   2.2240645e-01   3.8389673e-03
   6.1204215e-01   2.1582673e-01   4.9538881e-03
   6.2369515e-01   2.1886174e-01   2.0877210e-02
   6.3518401e-01   2.7555132e-01   4.2564387e-02
   6.4574395e-01   2.2230888e-01   1.0467920e-02
