   2.7217200e-03   1.8575370e+01   8.8410130e-01
   3.1947400e-03   6.5203584e+00   2.1360431e+00
   3.6696500e-03   4.4303700e+00   1.2281678e+00
   4.1432700e-03   4.5732484e+00   2.9285228e-01
   4.5822600e-03   4.1248360e+00   2.2542730e-01
   4.9827300e-03   4.2884091e+00   1.9818284e-01
   5.4291200e-03   4.0331251e+00   1.6259484e-01
   5.8870600e-03   3.4708113e+00   1.5762080e-01
   6.3032300e-03   3.1524985e+00   1.4339236e-01
   6.7149800e-03   2.7956491e+00   1.3124086e-01
   7.1309000e-03   2.9439621e+00   1.2455279e-01
   7.5570400e-03   2.4962313e+00   1.1230277e-01
   8.0015700e-03   2.3710005e+00   1.0154926e-01
   8.4631300e-03   2.3543809e+00   9.7377737e-02
   8.9171100e-03   2.3899113e+00   9.4974794e-02
   9.3607800e-03   2.1081195e+00   8.8738548e-02
   9.7989800e-03   2.2426511e+00   8.9304691e-02
   1.0230600e-02   1.9356931e+00   8.3887454e-02
   1.0656500e-02   2.1062013e+00   8.3825328e-02
   1.1091960e-02   1.7683323e+00   7.6247347e-02
   1.1570290e-02   1.8730901e+00   7.0625027e-02
   1.2039530e-02   1.9401257e+00   7.5311326e-02
   1.2475540e-02   1.8644569e+00   7.0227371e-02
   1.2925000e-02   1.6897579e+00   6.5593325e-02
   1.3379170e-02   1.6510747e+00   6.3932110e-02
   1.3885090e-02   1.6588255e+00   5.6017208e-02
   1.4431810e-02   1.7521468e+00   5.5905285e-02
   1.4979470e-02   1.6518436e+00   5.3336117e-02
   1.5499650e-02   1.5354329e+00   5.4648451e-02
   1.5981840e-02   1.5377592e+00   5.5008822e-02
   1.6466130e-02   1.5145604e+00   5.3230268e-02
   1.6959760e-02   1.4620796e+00   5.1041250e-02
   1.7466020e-02   1.6619504e+00   5.1430248e-02
   1.8018950e-02   1.5241758e+00   4.6140027e-02
   1.8580540e-02   1.5689977e+00   4.6659693e-02
   1.9107700e-02   1.4090092e+00   4.5406089e-02
   1.9650390e-02   1.5189507e+00   4.3780050e-02
   2.0237060e-02   1.3210179e+00   4.0507362e-02
   2.0827130e-02   1.3984641e+00   4.1013901e-02
   2.1390100e-02   1.3695502e+00   4.0887791e-02
   2.1968180e-02   1.4179063e+00   3.9211036e-02
   2.2556530e-02   1.3377972e+00   3.9137866e-02
   2.3132000e-02   1.4383207e+00   3.9448892e-02
   2.3715830e-02   1.3581605e+00   3.7743266e-02
   2.4310450e-02   1.3079990e+00   3.6573256e-02
   2.4913840e-02   1.2739667e+00   3.5310018e-02
   2.5555250e-02   1.3301763e+00   3.3664183e-02
   2.6204000e-02   1.3155208e+00   3.3947723e-02
   2.6854130e-02   1.3064755e+00   3.2094118e-02
   2.7516240e-02   1.2321129e+00   3.1495500e-02
   2.8175240e-02   1.3143990e+00   3.1204760e-02
   2.8868320e-02   1.2506590e+00   2.9973335e-02
   2.9607990e-02   1.2181931e+00   3.0530414e-02
   3.0334410e-02   1.2130366e+00   3.2541639e-02
   3.1047270e-02   1.1783084e+00   3.4012712e-02
   3.1763680e-02   1.1282962e+00   3.6792609e-02
   3.2494230e-02   1.2241676e+00   3.8926362e-02
   3.3251100e-02   1.1131220e+00   4.0304300e-02
   3.4009260e-02   1.2264758e+00   4.3905079e-02
   3.4772870e-02   1.0944107e+00   4.5445208e-02
   3.5562360e-02   1.1483158e+00   4.7659302e-02
   3.6367870e-02   1.1473623e+00   5.1991345e-02
   3.7173640e-02   1.2224913e+00   5.7498361e-02
   3.8002500e-02   1.1808400e+00   6.3204741e-02
   3.8841600e-02   9.9605123e-01   7.4541765e-02
   3.9687370e-02   1.2086092e+00   1.1346522e-01
   4.0543830e-02   1.1520443e+00   9.5071819e-02
   4.1341710e-02   1.1691072e+00   1.5178116e-01
   4.2099430e-02   1.1078092e+00   3.1337645e-01
   4.3572810e-02   9.3854073e-01   5.6692411e-02
   4.5044000e-02   9.1628711e-01   4.7177859e-02
   4.6446730e-02   9.8333583e-01   7.2824834e-02
   4.8135700e-02   1.0077681e+00   3.1199234e-02
   4.9955020e-02   1.0005081e+00   2.5169753e-02
   5.1233480e-02   9.9844211e-01   2.3965776e-02
   5.2879860e-02   9.3465005e-01   2.8093263e-02
   5.4432690e-02   9.7773786e-01   2.8786198e-02
   5.5918540e-02   9.6843996e-01   1.8891054e-02
   5.7600770e-02   9.6238566e-01   2.4835577e-02
   5.9168300e-02   9.3042124e-01   2.4664428e-02
   6.0994170e-02   9.4658468e-01   1.6800108e-02
   6.2786910e-02   9.9382505e-01   2.0812244e-02
   6.4587260e-02   1.0262001e+00   2.1841945e-02
   6.6351400e-02   9.3200080e-01   1.6340856e-02
   6.8111210e-02   9.8752901e-01   1.9054322e-02
   6.9991610e-02   1.0288495e+00   2.0760399e-02
   7.1713760e-02   9.7414171e-01   1.5857588e-02
   7.3474520e-02   9.8513314e-01   1.7963867e-02
   7.5415250e-02   1.0327699e+00   1.8645274e-02
   7.7313940e-02   9.5866748e-01   1.3954039e-02
   7.9345300e-02   1.0472532e+00   1.7720862e-02
   8.1486400e-02   1.0229323e+00   1.5142282e-02
   8.3324560e-02   9.9829230e-01   1.4709399e-02
   8.5412800e-02   1.1223795e+00   1.6743708e-02
   8.7591420e-02   1.0771214e+00   1.3947218e-02
   8.9558830e-02   1.1231298e+00   1.5804328e-02
   9.1804350e-02   1.1397374e+00   1.5013814e-02
   9.3880370e-02   1.1570743e+00   1.3895557e-02
   9.6176660e-02   1.2746152e+00   1.6059100e-02
   9.8450500e-02   1.2653787e+00   1.4141191e-02
   1.0051043e-01   1.2887985e+00   1.6182234e-02
   1.0294981e-01   1.3450712e+00   1.4776124e-02
   1.0512391e-01   1.2474402e+00   1.6232188e-02
   1.0755278e-01   1.2853580e+00   1.7695208e-02
   1.0990883e-01   8.1369993e-01   1.8264076e-02
   1.1244154e-01   2.0567092e+00   2.4122140e-02
   1.1499993e-01   3.6526704e+00   2.8013607e-02
   1.1750239e-01   8.5696019e+00   4.0034080e-02
   1.2020322e-01   1.2635908e+01   4.3545133e-02
   1.2282100e-01   1.7179406e+01   5.3289433e-02
   1.2554282e-01   1.8244412e+01   5.3202147e-02
   1.2810408e-01   1.6753864e+01   5.0413166e-02
   1.3102353e-01   1.1798751e+01   4.0537680e-02
   1.3370214e-01   7.7753607e+00   3.5400738e-02
   1.3663349e-01   3.4104738e+00   2.4403469e-02
   1.3946530e-01   1.4520092e+00   1.9412090e-02
   1.4251987e-01   6.3286814e-01   1.4023930e-02
   1.4553400e-01   1.0203664e+00   1.3077385e-02
   1.4856066e-01   1.1208624e+00   1.0361459e-02
   1.5183509e-01   1.2098515e+00   1.0105746e-02
   1.5484856e-01   1.1340020e+00   9.0618184e-03
   1.5828075e-01   1.0930790e+00   8.5521503e-03
   1.6140872e-01   1.0516450e+00   8.4743694e-03
   1.6482463e-01   9.4432849e-01   7.3890859e-03
   1.6831944e-01   9.1352745e-01   7.5853273e-03
   1.7164852e-01   8.4826635e-01   6.8757525e-03
   1.7532467e-01   8.3124191e-01   6.6354699e-03
   1.7876744e-01   8.1362368e-01   6.7352800e-03
   1.8241077e-01   7.6094468e-01   5.9030662e-03
   1.8639341e-01   7.4271751e-01   5.8620422e-03
   1.9008794e-01   7.3566833e-01   5.9441527e-03
   1.9382503e-01   6.9250712e-01   5.4007613e-03
   1.9793047e-01   6.7790530e-01   5.2799986e-03
   2.0196078e-01   6.5841257e-01   5.1887397e-03
   2.0589023e-01   6.5785032e-01   5.0542583e-03
   2.1010643e-01   6.2510094e-01   4.7542457e-03
   2.1447847e-01   6.2207430e-01   4.7024213e-03
   2.1877480e-01   6.1519220e-01   4.6638244e-03
   2.2302420e-01   6.1802167e-01   4.5565380e-03
   2.2751415e-01   6.1390220e-01   4.3878487e-03
   2.3214025e-01   6.3461530e-01   4.4232102e-03
   2.3680051e-01   6.7157950e-01   4.3689986e-03
   2.4155418e-01   7.1295691e-01   4.3450183e-03
   2.4631334e-01   7.4098729e-01   4.3576925e-03
   2.5109113e-01   7.1619680e-01   4.1895088e-03
   2.5611512e-01   6.7488833e-01   3.9423900e-03
   2.6127861e-01   6.0438578e-01   3.7540753e-03
   2.6654021e-01   5.3993793e-01   3.4942016e-03
   2.7185319e-01   4.7516437e-01   3.3090556e-03
   2.7719600e-01   4.3725001e-01   3.1155373e-03
   2.8267257e-01   4.1854502e-01   2.9734062e-03
   2.8829269e-01   4.0095973e-01   2.8302802e-03
   2.9397450e-01   3.8745393e-01   2.7474568e-03
   2.9975375e-01   3.7470203e-01   2.6266820e-03
   3.0567867e-01   3.6382939e-01   2.5565121e-03
   3.1163605e-01   3.5529421e-01   2.5299609e-03
   3.1774468e-01   3.5223644e-01   2.4552792e-03
   3.2400374e-01   3.4725277e-01   2.4287237e-03
   3.3031886e-01   3.3191693e-01   2.3633625e-03
   3.3679567e-01   3.3660392e-01   2.3252676e-03
   3.4347727e-01   3.3220546e-01   2.3193817e-03
   3.5025256e-01   3.2449822e-01   2.3051546e-03
   3.5711088e-01   3.2011947e-01   2.2863081e-03
   3.6402107e-01   3.1768910e-01   2.2985418e-03
   3.7111563e-01   3.1533291e-01   2.2377679e-03
   3.7844949e-01   3.0998442e-01   2.2129839e-03
   3.8585516e-01   3.0836660e-01   2.2292924e-03
   3.9336977e-01   3.0946005e-01   2.1953699e-03
   4.0105392e-01   3.0456092e-01   2.1632942e-03
   4.0888170e-01   2.9745320e-01   2.1641111e-03
   4.1685032e-01   2.9955059e-01   2.1279370e-03
   4.2495624e-01   3.0090768e-01   2.1267804e-03
   4.3328380e-01   3.0577895e-01   2.1109090e-03
   4.4165071e-01   2.9834945e-01   2.0958476e-03
   4.5031574e-01   3.0041322e-01   2.0633463e-03
   4.5900486e-01   2.9437182e-01   2.0765947e-03
   4.6796546e-01   3.0170433e-01   2.0213182e-03
   4.7711386e-01   2.9777247e-01   2.0385823e-03
   4.8626432e-01   3.0661677e-01   2.0262239e-03
   4.9580203e-01   2.9553376e-01   1.9822823e-03
   5.0549565e-01   2.9966142e-01   1.9859251e-03
   5.1522328e-01   2.9570140e-01   1.9784054e-03
   5.2508621e-01   3.0098366e-01   1.9642701e-03
   5.3530281e-01   2.9191148e-01   1.9154734e-03
   5.4573432e-01   2.9730572e-01   1.9466331e-03
   5.5633493e-01   2.9193812e-01   1.9288728e-03
   5.6715525e-01   2.9712684e-01   1.9519134e-03
   5.7784791e-01   2.9788366e-01   2.2737024e-03
   5.8906605e-01   3.0278484e-01   2.6268055e-03
   6.0047680e-01   2.9703292e-01   2.4527800e-03
   6.1204215e-01   3.2604236e-01   1.7631859e-02
   6.2369515e-01   2.8632322e-01   2.4176234e-02
   6.3518401e-01   3.3136167e-01   4.8555847e-02
   6.4574395e-01   2.7745461e-01   1.1904410e-02
