   2.7217200e-03   1.8575370e+01   8.8410130e-01
   3.1947400e-03   6.5203584e+00   2.1360431e+00
   3.6696500e-03   4.8217162e+00   5.3848937e-01
   4.1432700e-03   5.0216888e+00   3.5784864e-01
   4.5822600e-03   4.2290893e+00   3.1095349e-01
   4.9827300e-03   4.3023326e+00   2.7934782e-01
   5.4291200e-03   4.2815935e+00   2.3920495e-01
   5.8870600e-03   3.5013419e+00   2.2527515e-01
   6.3032300e-03   2.9798864e+00   2.0910305e-01
   6.7149800e-03   2.7883122e+00   2.0031659e-01
   7.1309000e-03   3.1026161e+00   1.8498424e-01
   7.5570400e-03   2.5028475e+00   1.6344860e-01
   8.0015700e-03   2.1773987e+00   1.4683697e-01
   8.4631300e-03   2.4883847e+00   1.3863945e-01
   8.9171100e-03   2.4036358e+00   1.3658412e-01
   9.3607800e-03   2.0960199e+00   1.3080045e-01
   9.7989800e-03   2.1915244e+00   1.3540312e-01
   1.0230600e-02   1.9874395e+00   1.2838884e-01
   1.0656500e-02   2.1344180e+00   1.2526035e-01
   1.1091960e-02   1.7355477e+00   1.1317820e-01
   1.1570290e-02   1.7639722e+00   1.0670567e-01
   1.2039530e-02   2.0797169e+00   1.1019873e-01
   1.2475540e-02   1.8891307e+00   1.0777922e-01
   1.2925000e-02   1.6340394e+00   1.0145315e-01
   1.3379170e-02   1.6069812e+00   9.2785619e-02
   1.3885090e-02   1.6569186e+00   7.8672306e-02
   1.4431810e-02   1.8171735e+00   7.6606653e-02
   1.4979470e-02   1.6560501e+00   7.4819271e-02
   1.5499650e-02   1.4619043e+00   8.0126846e-02
   1.5981840e-02   1.6037689e+00   8.2746025e-02
   1.6466130e-02   1.4859347e+00   8.2965604e-02
   1.6959760e-02   1.4086150e+00   7.6449815e-02
   1.7466020e-02   1.7040647e+00   7.4685258e-02
   1.8018950e-02   1.5891388e+00   6.7489979e-02
   1.8580540e-02   1.4854579e+00   6.8305513e-02
   1.9107700e-02   1.4341165e+00   6.5360811e-02
   1.9650390e-02   1.5426800e+00   6.3945650e-02
   2.0237060e-02   1.3114173e+00   5.9231879e-02
   2.0827130e-02   1.3377296e+00   5.9225113e-02
   2.1390100e-02   1.4452456e+00   5.9226395e-02
   2.1968180e-02   1.3963603e+00   5.8830064e-02
   2.2556530e-02   1.3028936e+00   5.8505838e-02
   2.3132000e-02   1.4683223e+00   5.8890801e-02
   2.3715830e-02   1.4038088e+00   5.7337902e-02
   2.4310450e-02   1.2550342e+00   5.4657154e-02
   2.4913840e-02   1.2599280e+00   5.2198483e-02
   2.5555250e-02   1.3387928e+00   4.9521339e-02
   2.6204000e-02   1.3583873e+00   4.9102585e-02
   2.6854130e-02   1.2784738e+00   4.7387960e-02
   2.7516240e-02   1.2019645e+00   4.6623295e-02
   2.8175240e-02   1.3498265e+00   4.4807880e-02
   2.8868320e-02   1.2603433e+00   4.3225478e-02
   2.9607990e-02   1.1810344e+00   4.3374717e-02
   3.0334410e-02   1.2554953e+00   4.6455924e-02
   3.1047270e-02   1.1494969e+00   4.9844123e-02
   3.1763680e-02   1.1250905e+00   5.3691932e-02
   3.2494230e-02   1.2310658e+00   5.7148187e-02
   3.3251100e-02   1.1167038e+00   5.9351476e-02
   3.4009260e-02   1.2229692e+00   6.3955367e-02
   3.4772870e-02   1.1284659e+00   6.6412937e-02
   3.5562360e-02   1.0883246e+00   7.0366749e-02
   3.6367870e-02   1.1277682e+00   7.5900483e-02
   3.7173640e-02   1.3212358e+00   8.2993352e-02
   3.8002500e-02   1.1703810e+00   9.2408143e-02
   3.8841600e-02   8.9966792e-01   1.0280785e-01
   3.9687370e-02   1.2443743e+00   1.4263512e-01
   4.0543830e-02   1.2014316e+00   2.4533087e-01
   4.1341710e-02   1.1426726e+00   2.0315341e-01
   4.2099430e-02   1.1571591e+00   4.2888781e-01
   4.3572810e-02   8.8225356e-01   1.2961570e-01
   4.5044000e-02   8.7684831e-01   1.4770086e-01
   4.6446730e-02   1.0191565e+00   4.2884198e-02
   4.8135700e-02   1.0125282e+00   4.1235220e-02
   4.9955020e-02   1.0071658e+00   3.5224480e-02
   5.1233480e-02   1.0042989e+00   3.5366439e-02
   5.2879860e-02   9.1167803e-01   4.1212813e-02
   5.4432690e-02   9.7136460e-01   3.9557287e-02
   5.5918540e-02   9.9268068e-01   3.0598711e-02
   5.7600770e-02   9.6548769e-01   3.5208722e-02
   5.9168300e-02   9.2202918e-01   3.2664497e-02
   6.0994170e-02   9.1014465e-01   2.5243772e-02
   6.2786910e-02   1.0302103e+00   2.8148701e-02
   6.4587260e-02   1.0611264e+00   2.9640033e-02
   6.6351400e-02   8.7141555e-01   2.4199419e-02
   6.8111210e-02   9.8635933e-01   2.7407317e-02
   6.9991610e-02   1.0929758e+00   2.9397988e-02
   7.1713760e-02   9.2104290e-01   2.3852708e-02
   7.3474520e-02   9.9176173e-01   2.6363847e-02
   7.5415250e-02   1.0582928e+00   2.6071406e-02
   7.7313940e-02   9.2316214e-01   1.9761995e-02
   7.9345300e-02   1.0780406e+00   2.5024556e-02
   8.1486400e-02   1.0233706e+00   2.1403478e-02
   8.3324560e-02   9.5845532e-01   2.1088711e-02
   8.5412800e-02   1.1570076e+00   2.4329425e-02
   8.7591420e-02   1.0843108e+00   1.9712437e-02
   8.9558830e-02   1.1109320e+00   2.2727324e-02
   9.1804350e-02   1.1398728e+00   2.1676110e-02
   9.3880370e-02   1.1409695e+00   1.9610108e-02
   9.6176660e-02   1.3013175e+00   2.3753425e-02
   9.8450500e-02   1.2844053e+00   1.9890249e-02
   1.0051043e-01   1.2826435e+00   2.4033351e-02
   1.0294981e-01   1.3214734e+00   2.1847184e-02
   1.0512391e-01   1.4470064e+00   2.3190543e-02
   1.0755278e-01   1.2916864e+00   2.6028091e-02
   1.0990883e-01   9.5011622e-01   2.5441897e-02
   1.1244154e-01   1.5600044e+00   3.6282630e-02
   1.1499993e-01   3.2497136e+00   3.9765453e-02
   1.1750239e-01   8.3628699e+00   5.8105833e-02
   1.2020322e-01   1.2825346e+01   6.2405623e-02
   1.2282100e-01   1.7319960e+01   7.7433249e-02
   1.2554282e-01   1.9306231e+01   7.5278314e-02
   1.2810408e-01   1.7028801e+01   7.4160899e-02
   1.3102353e-01   1.1604923e+01   5.9766921e-02
   1.3370214e-01   7.5567194e+00   5.1837718e-02
   1.3663349e-01   3.1286373e+00   3.5966319e-02
   1.3946530e-01   9.4061779e-01   2.8983453e-02
   1.4251987e-01   6.4373658e-01   1.9957157e-02
   1.4553400e-01   1.1768489e+00   1.8542116e-02
   1.4856066e-01   1.2718622e+00   1.4921805e-02
   1.5183509e-01   1.2048963e+00   1.4653204e-02
   1.5484856e-01   1.1444484e+00   1.3085404e-02
   1.5828075e-01   1.1052551e+00   1.2686483e-02
   1.6140872e-01   1.0629380e+00   1.2020220e-02
   1.6482463e-01   9.3690544e-01   1.1077690e-02
   1.6831944e-01   9.1221198e-01   1.0880582e-02
   1.7164852e-01   8.4401506e-01   1.0123612e-02
   1.7532467e-01   8.2896905e-01   9.9261890e-03
   1.7876744e-01   8.3307927e-01   9.5306381e-03
   1.8241077e-01   7.4500764e-01   8.7783966e-03
   1.8639341e-01   7.3742780e-01   8.6292542e-03
   1.9008794e-01   7.5300432e-01   8.4725946e-03
   1.9382503e-01   6.8908241e-01   7.9943330e-03
   1.9793047e-01   6.6414504e-01   7.8551190e-03
   2.0196078e-01   6.6752231e-01   7.5016905e-03
   2.0589023e-01   6.6268705e-01   7.3754388e-03
   2.1010643e-01   6.2157106e-01   6.9816357e-03
   2.1447847e-01   6.1580855e-01   6.8951106e-03
   2.1877480e-01   6.2231086e-01   6.8133944e-03
   2.2302420e-01   6.1886846e-01   6.7177653e-03
   2.2751415e-01   6.0916496e-01   6.4710436e-03
   2.3214025e-01   6.2895964e-01   6.4088735e-03
   2.3680051e-01   6.6703339e-01   6.3683576e-03
   2.4155418e-01   7.1764228e-01   6.4383422e-03
   2.4631334e-01   7.5133058e-01   6.4010147e-03
   2.5109113e-01   7.2144645e-01   6.1652740e-03
   2.5611512e-01   6.7283645e-01   5.7822228e-03
   2.6127861e-01   6.0650545e-01   5.4420586e-03
   2.6654021e-01   5.3841617e-01   5.0945874e-03
   2.7185319e-01   4.6871419e-01   4.8605298e-03
   2.7719600e-01   4.3180830e-01   4.5661319e-03
   2.8267257e-01   4.2213761e-01   4.3712288e-03
   2.8829269e-01   4.0238289e-01   4.1479377e-03
   2.9397450e-01   3.8598042e-01   4.0187574e-03
   2.9975375e-01   3.7715529e-01   3.8727391e-03
   3.0567867e-01   3.6334611e-01   3.7712507e-03
   3.1163605e-01   3.5116408e-01   3.7104327e-03
   3.1774468e-01   3.5728497e-01   3.6194303e-03
   3.2400374e-01   3.4939908e-01   3.5747394e-03
   3.3031886e-01   3.2549749e-01   3.4676694e-03
   3.3679567e-01   3.3752627e-01   3.4142285e-03
   3.4347727e-01   3.3773541e-01   3.3832680e-03
   3.5025256e-01   3.2126919e-01   3.3838366e-03
   3.5711088e-01   3.1822636e-01   3.3726169e-03
   3.6402107e-01   3.1962329e-01   3.3722234e-03
   3.7111563e-01   3.1671867e-01   3.2939918e-03
   3.7844949e-01   3.0787470e-01   3.2548386e-03
   3.8585516e-01   3.0679501e-01   3.2565023e-03
   3.9336977e-01   3.1305675e-01   3.2287773e-03
   4.0105392e-01   3.0537031e-01   3.1865983e-03
   4.0888170e-01   2.9461598e-01   3.1840713e-03
   4.1685032e-01   2.9749909e-01   3.1244192e-03
   4.2495624e-01   3.0356566e-01   3.1363117e-03
   4.3328380e-01   3.0664021e-01   3.0930134e-03
   4.4165071e-01   2.9878348e-01   3.0877280e-03
   4.5031574e-01   2.9824213e-01   3.0379900e-03
   4.5900486e-01   2.9599014e-01   3.0401061e-03
   4.6796546e-01   2.9890418e-01   2.9912543e-03
   4.7711386e-01   2.9956051e-01   2.9914789e-03
   4.8626432e-01   3.0810655e-01   2.9640499e-03
   4.9580203e-01   2.9604579e-01   2.9262723e-03
   5.0549565e-01   2.9503743e-01   2.9290315e-03
   5.1522328e-01   2.9960325e-01   2.9136462e-03
   5.2508621e-01   3.0067667e-01   2.9042285e-03
   5.3530281e-01   2.9129937e-01   2.8233285e-03
   5.4573432e-01   2.9702384e-01   2.8209521e-03
   5.5633493e-01   2.9279409e-01   2.8546173e-03
   5.6715525e-01   2.9390939e-01   2.9257671e-03
   5.7784791e-01   3.0146274e-01   3.3508584e-03
   5.8906605e-01   3.0147738e-01   3.8420465e-03
   6.0047680e-01   2.9728707e-01   4.4824382e-03
   6.1204215e-01   3.0723067e-01   5.7888708e-03
   6.2369515e-01   2.8632322e-01   2.4176234e-02
   6.3518401e-01   3.3136167e-01   4.8555847e-02
   6.4574395e-01   2.7745461e-01   1.1904410e-02
