   2.7217200e-03   1.8575370e+01   8.8410130e-01
   3.1947400e-03   6.5203584e+00   2.1360431e+00
   3.6696500e-03   4.4303700e+00   1.2281678e+00
   4.1432700e-03   6.3221467e+00   1.0263169e+00
   4.5822600e-03   3.3390213e+00   1.0719572e+00
   4.9827300e-03   4.6637936e+00   9.4324433e-01
   5.4291200e-03   4.5303373e+00   7.1295882e-01
   5.8870600e-03   3.2184624e+00   7.0654234e-01
   6.3032300e-03   3.2908667e+00   7.3465365e-01
   6.7149800e-03   2.1512349e+00   6.8347030e-01
   7.1309000e-03   3.8769545e+00   6.2529745e-01
   7.5570400e-03   2.1509727e+00   5.4032495e-01
   8.0015700e-03   2.0702769e+00   4.6226331e-01
   8.4631300e-03   2.5837529e+00   4.3778453e-01
   8.9171100e-03   2.6516671e+00   4.4651648e-01
   9.3607800e-03   1.5775769e+00   4.4062845e-01
   9.7989800e-03   2.8413179e+00   4.5159447e-01
   1.0230600e-02   1.2465148e+00   4.5145053e-01
   1.0656500e-02   2.8838087e+00   4.4225413e-01
   1.1091960e-02   1.2814210e+00   3.7050766e-01
   1.1570290e-02   1.7757527e+00   3.3124078e-01
   1.2039530e-02   2.2798148e+00   3.7617535e-01
   1.2475540e-02   1.8544669e+00   3.8718920e-01
   1.2925000e-02   1.5316118e+00   3.5898595e-01
   1.3379170e-02   1.6870361e+00   3.1126385e-01
   1.3885090e-02   1.5243332e+00   2.4250417e-01
   1.4431810e-02   1.9635972e+00   2.2326225e-01
   1.4979470e-02   1.6702591e+00   2.3380017e-01
   1.5499650e-02   1.2637149e+00   2.7116758e-01
   1.5981840e-02   1.7757382e+00   2.9478213e-01
   1.6466130e-02   1.5545695e+00   2.8476092e-01
   1.6959760e-02   1.0547441e+00   2.6830444e-01
   1.7466020e-02   2.1021190e+00   2.4315378e-01
   1.8018950e-02   1.3335300e+00   2.1043966e-01
   1.8580540e-02   1.7119777e+00   2.2434590e-01
   1.9107700e-02   1.1012139e+00   2.3331559e-01
   1.9650390e-02   1.9191679e+00   2.0702974e-01
   2.0237060e-02   1.0304602e+00   1.8410090e-01
   2.0827130e-02   1.4546246e+00   1.9550278e-01
   2.1390100e-02   1.3978344e+00   2.0251332e-01
   2.1968180e-02   1.5302417e+00   1.9261470e-01
   2.2556530e-02   1.0588397e+00   1.9622179e-01
   2.3132000e-02   1.6856534e+00   2.0252400e-01
   2.3715830e-02   1.3463210e+00   1.9511018e-01
   2.4310450e-02   1.2402723e+00   1.8729537e-01
   2.4913840e-02   1.2237855e+00   1.7273287e-01
   2.5555250e-02   1.3836170e+00   1.6083662e-01
   2.6204000e-02   1.3335640e+00   1.6153283e-01
   2.6854130e-02   1.3744818e+00   1.5784709e-01
   2.7516240e-02   9.9074596e-01   1.5687791e-01
   2.8175240e-02   1.5509450e+00   1.5107022e-01
   2.8868320e-02   1.2042273e+00   1.3593960e-01
   2.9607990e-02   1.1101472e+00   1.3392156e-01
   3.0334410e-02   1.3577371e+00   1.5156827e-01
   3.1047270e-02   1.1424171e+00   1.6756657e-01
   3.1763680e-02   9.6265508e-01   1.8010360e-01
   3.2494230e-02   1.5144830e+00   1.8716496e-01
   3.3251100e-02   7.9543515e-01   1.9515704e-01
   3.4009260e-02   1.5179268e+00   2.1409631e-01
   3.4772870e-02   9.3536212e-01   2.2109001e-01
   3.5562360e-02   1.2064538e+00   2.2780866e-01
   3.6367870e-02   9.7549936e-01   2.5076004e-01
   3.7173640e-02   1.4248616e+00   2.7519411e-01
   3.8002500e-02   1.3705902e+00   2.9836042e-01
   3.8841600e-02   4.1607917e-01   3.3205661e-01
   3.9687370e-02   1.6772265e+00   4.0936934e-01
   4.0543830e-02   1.0061181e+00   6.1293346e-01
   4.1341710e-02   1.1372838e+00   1.2619313e+00
   4.2099430e-02   1.2691703e+00   1.4064793e+00
   4.3572810e-02   8.0048441e-01   6.0305907e-01
   4.5044000e-02   8.1968648e-01   1.4203240e-01
   4.6446730e-02   1.1094671e+00   1.2985128e-01
   4.8135700e-02   9.8864777e-01   1.0513066e-01
   4.9955020e-02   9.7286640e-01   1.1956733e-01
   5.1233480e-02   1.1027463e+00   1.3014376e-01
   5.2879860e-02   8.0097112e-01   1.2360223e-01
   5.4432690e-02   1.0499075e+00   1.3703816e-01
   5.5918540e-02   9.6862181e-01   1.0461178e-01
   5.7600770e-02   9.8314195e-01   1.1331226e-01
   5.9168300e-02   9.2187524e-01   1.0635293e-01
   6.0994170e-02   8.7433955e-01   7.6717840e-02
   6.2786910e-02   1.0133318e+00   8.6432000e-02
   6.4587260e-02   1.2210422e+00   9.3135134e-02
   6.6351400e-02   6.7640538e-01   8.2773676e-02
   6.8111210e-02   1.0171756e+00   8.4819961e-02
   6.9991610e-02   1.2446437e+00   9.3395160e-02
   7.1713760e-02   7.5615922e-01   8.8024440e-02
   7.3474520e-02   9.8476165e-01   8.3979909e-02
   7.5415250e-02   1.2424038e+00   8.1183651e-02
   7.7313940e-02   6.6934031e-01   6.9277196e-02
   7.9345300e-02   1.2370983e+00   6.9636989e-02
   8.1486400e-02   1.0510102e+00   7.2876853e-02
   8.3324560e-02   7.4240464e-01   7.5194462e-02
   8.5412800e-02   1.3872290e+00   6.9849210e-02
   8.7591420e-02   9.2329470e-01   6.9394721e-02
   8.9558830e-02   1.1654430e+00   7.3341923e-02
   9.1804350e-02   1.1912605e+00   6.9593451e-02
   9.3880370e-02   1.0042437e+00   6.7074452e-02
   9.6176660e-02   1.4458359e+00   6.8829853e-02
   9.8450500e-02   1.2042297e+00   7.4676612e-02
   1.0051043e-01   1.3079843e+00   7.6509928e-02
   1.0294981e-01   1.3490960e+00   7.1935841e-02
   1.0512391e-01   1.3268397e+00   7.8904838e-02
   1.0755278e-01   1.9282550e+00   8.0866122e-02
   1.0990883e-01   5.2113407e-03   8.5032132e-02
   1.1244154e-01   2.8430928e+00   1.0395988e-01
   1.1499993e-01   6.9624825e-01   1.3715342e-01
   1.1750239e-01   1.0492941e+01   1.8089897e-01
   1.2020322e-01   1.1167994e+01   2.0848476e-01
   1.2282100e-01   1.8515540e+01   2.5146669e-01
   1.2554282e-01   1.9377779e+01   2.6885776e-01
   1.2810408e-01   1.8108457e+01   2.4365915e-01
   1.3102353e-01   1.0130502e+01   1.9732222e-01
   1.3370214e-01   8.7218646e+00   1.6824104e-01
   1.3663349e-01   2.0607535e+00   1.1674633e-01
   1.3946530e-01   1.0986842e+00   8.6679535e-02
   1.4251987e-01   3.0673837e-01   6.2296153e-02
   1.4553400e-01   1.6698033e+00   5.9036117e-02
   1.4856066e-01   1.1323576e+00   4.8833123e-02
   1.5183509e-01   1.2982135e+00   4.7634973e-02
   1.5484856e-01   1.1089725e+00   4.3487038e-02
   1.5828075e-01   1.0933431e+00   4.1214969e-02
   1.6140872e-01   1.1433854e+00   4.1205445e-02
   1.6482463e-01   8.3913992e-01   3.5098025e-02
   1.6831944e-01   9.9923861e-01   3.6388484e-02
   1.7164852e-01   7.9327539e-01   3.3612570e-02
   1.7532467e-01   8.1798265e-01   3.2515044e-02
   1.7876744e-01   8.9789520e-01   3.3407577e-02
   1.8241077e-01   6.9506804e-01   2.7541260e-02
   1.8639341e-01   7.3037067e-01   2.7413643e-02
   1.9008794e-01   8.0802360e-01   3.0156938e-02
   1.9382503e-01   6.4551568e-01   2.6397992e-02
   1.9793047e-01   6.8073366e-01   2.4419107e-02
   2.0196078e-01   6.4958909e-01   2.5993170e-02
   2.0589023e-01   6.9738799e-01   2.5039110e-02
   2.1010643e-01   5.9151837e-01   2.2198219e-02
   2.1447847e-01   6.2841440e-01   2.2187430e-02
   2.1877480e-01   6.1684867e-01   2.3489573e-02
   2.2302420e-01   6.3141419e-01   2.2707784e-02
   2.2751415e-01   5.9512070e-01   2.1012391e-02
   2.3214025e-01   6.3100750e-01   2.0910871e-02
   2.3680051e-01   6.6492293e-01   2.1022681e-02
   2.4155418e-01   7.0884323e-01   2.1350296e-02
   2.4631334e-01   7.8066916e-01   2.1895701e-02
   2.5109113e-01   7.0313211e-01   2.0812737e-02
   2.5611512e-01   6.8740201e-01   1.8890628e-02
   2.6127861e-01   5.9459445e-01   1.7700787e-02
   2.6654021e-01   5.4944295e-01   1.6724440e-02
   2.7185319e-01   4.5758281e-01   1.6130492e-02
   2.7719600e-01   4.2526244e-01   1.5255511e-02
   2.8267257e-01   4.3247728e-01   1.4322985e-02
   2.8829269e-01   3.9872776e-01   1.3693105e-02
   2.9397450e-01   3.8515404e-01   1.3354949e-02
   2.9975375e-01   3.7899142e-01   1.2783561e-02
   3.0567867e-01   3.6651632e-01   1.2523168e-02
   3.1163605e-01   3.4259805e-01   1.2399441e-02
   3.1774468e-01   3.5965981e-01   1.1987626e-02
   3.2400374e-01   3.6534682e-01   1.1856996e-02
   3.3031886e-01   2.9974083e-01   1.1630696e-02
   3.3679567e-01   3.5170468e-01   1.1227038e-02
   3.4347727e-01   3.4055509e-01   1.1093188e-02
   3.5025256e-01   3.1437874e-01   1.1181632e-02
   3.5711088e-01   3.2014619e-01   1.1336420e-02
   3.6402107e-01   3.1904132e-01   1.1330386e-02
   3.7111563e-01   3.2013847e-01   1.0863516e-02
   3.7844949e-01   3.0556573e-01   1.0694671e-02
   3.8585516e-01   3.0260944e-01   1.0861868e-02
   3.9336977e-01   3.1926581e-01   1.0758314e-02
   4.0105392e-01   3.0684867e-01   1.0582769e-02
   4.0888170e-01   2.8753165e-01   1.0545372e-02
   4.1685032e-01   3.0206724e-01   1.0449144e-02
   4.2495624e-01   2.9806800e-01   1.0345621e-02
   4.3328380e-01   3.1785983e-01   1.0341925e-02
   4.4165071e-01   2.8667563e-01   1.0229771e-02
   4.5031574e-01   3.0922214e-01   1.0118774e-02
   4.5900486e-01   2.8395295e-01   1.0131328e-02
   4.6796546e-01   3.1244901e-01   9.8475241e-03
   4.7711386e-01   2.8112975e-01   1.0023216e-02
   4.8626432e-01   3.3058839e-01   9.9183869e-03
   4.9580203e-01   2.7881655e-01   9.5679779e-03
   5.0549565e-01   3.0435130e-01   9.7159071e-03
   5.1522328e-01   2.9033491e-01   9.8899163e-03
   5.2508621e-01   3.1617878e-01   9.6939186e-03
   5.3530281e-01   2.7284485e-01   9.3343611e-03
   5.4573432e-01   3.1276507e-01   9.3175256e-03
   5.5633493e-01   2.8321509e-01   9.2214654e-03
   5.6715525e-01   2.9675263e-01   9.7470612e-03
   5.7784791e-01   2.9899904e-01   1.1103055e-02
   5.8906605e-01   3.1098533e-01   1.2450139e-02
   6.0047680e-01   2.7992233e-01   1.4485570e-02
   6.1204215e-01   3.2604236e-01   1.7631859e-02
   6.2369515e-01   2.8632322e-01   2.4176234e-02
   6.3518401e-01   3.3136167e-01   4.8555847e-02
   6.4574395e-01   2.7745461e-01   1.1904410e-02
