   2.7217200e-03   1.1323888e+01   7.9115888e-01
   3.1947400e-03   3.6635512e+00   1.8983988e+00
   3.6696500e-03   3.7887284e+00   1.0823499e+00
   4.1432700e-03   2.8044251e+00   2.5545985e-01
   4.5822600e-03   2.4478821e+00   1.9266561e-01
   4.9827300e-03   2.6750592e+00   1.7022170e-01
   5.4291200e-03   2.2460356e+00   1.3508433e-01
   5.8870600e-03   1.9686961e+00   1.3076274e-01
   6.3032300e-03   2.1215775e+00   1.2440778e-01
   6.7149800e-03   1.8848190e+00   1.1302079e-01
   7.1309000e-03   1.9241776e+00   1.0537132e-01
   7.5570400e-03   1.8563262e+00   9.9730815e-02
   8.0015700e-03   1.8355999e+00   9.1163478e-02
   8.4631300e-03   1.6690398e+00   8.4951969e-02
   8.9171100e-03   1.6193944e+00   8.3361879e-02
   9.3607800e-03   1.6214579e+00   7.9885115e-02
   9.7989800e-03   1.5343495e+00   7.8580205e-02
   1.0230600e-02   1.6075626e+00   7.6958016e-02
   1.0656500e-02   1.4431333e+00   7.3537449e-02
   1.1091960e-02   1.5860947e+00   7.1562452e-02
   1.1570290e-02   1.3449568e+00   6.3637939e-02
   1.2039530e-02   1.4262530e+00   6.6801409e-02
   1.2475540e-02   1.4616448e+00   6.4756352e-02
   1.2925000e-02   1.4631211e+00   6.1105968e-02
   1.3379170e-02   1.2206821e+00   5.7111490e-02
   1.3885090e-02   1.2678327e+00   5.1172427e-02
   1.4431810e-02   1.2222496e+00   4.9797112e-02
   1.4979470e-02   1.2753884e+00   4.8468958e-02
   1.5499650e-02   1.2786271e+00   5.1155435e-02
   1.5981840e-02   1.2842908e+00   5.0641147e-02
   1.6466130e-02   1.2294847e+00   4.9087469e-02
   1.6959760e-02   1.2687927e+00   4.7943855e-02
   1.7466020e-02   1.1905915e+00   4.5957850e-02
   1.8018950e-02   1.1982075e+00   4.2127370e-02
   1.8580540e-02   1.0768481e+00   4.1563743e-02
   1.9107700e-02   1.1081386e+00   4.1468808e-02
   1.9650390e-02   1.0846841e+00   3.9237239e-02
   2.0237060e-02   1.1512040e+00   3.7790904e-02
   2.0827130e-02   1.1664465e+00   3.8156611e-02
   2.1390100e-02   1.2029274e+00   3.8414005e-02
   2.1968180e-02   1.0625829e+00   3.5717213e-02
   2.2556530e-02   1.0376800e+00   3.6093107e-02
   2.3132000e-02   1.1401736e+00   3.6514837e-02
   2.3715830e-02   1.1586839e+00   3.5218487e-02
   2.4310450e-02   1.1570813e+00   3.4595242e-02
   2.4913840e-02   1.0600279e+00   3.2826229e-02
   2.5555250e-02   9.9603789e-01   3.0640636e-02
   2.6204000e-02   1.0075399e+00   3.1092526e-02
   2.6854130e-02   1.0012495e+00   2.9307313e-02
   2.7516240e-02   1.0078330e+00   2.9278116e-02
   2.8175240e-02   1.0359244e+00   2.8569770e-02
   2.8868320e-02   1.0020957e+00   2.7715842e-02
   2.9607990e-02   1.0648732e+00   2.8984192e-02
   3.0334410e-02   9.5591807e-01   3.0022996e-02
   3.1047270e-02   9.8847694e-01   3.2099044e-02
   3.1763680e-02   9.3019733e-01   3.4363212e-02
   3.2494230e-02   1.0423957e+00   3.6843347e-02
   3.3251100e-02   9.9426730e-01   3.8971610e-02
   3.4009260e-02   9.5419877e-01   4.0424287e-02
   3.4772870e-02   9.9889102e-01   4.3753081e-02
   3.5562360e-02   1.0828411e+00   4.6519060e-02
   3.6367870e-02   9.5727316e-01   4.8765579e-02
   3.7173640e-02   1.0023086e+00   5.3537471e-02
   3.8002500e-02   9.2055126e-01   5.9099859e-02
   3.8841600e-02   8.4796828e-01   7.0854557e-02
   3.9687370e-02   8.9369744e-01   1.0236803e-01
   4.0543830e-02   1.0291255e+00   9.1331743e-02
   4.1341710e-02   1.0136265e+00   1.4529589e-01
   4.2099430e-02   8.7276551e-01   2.8262159e-01
   4.3572810e-02   8.9177808e-01   5.4942969e-02
   4.5044000e-02   9.4089109e-01   4.5764757e-02
   4.6446730e-02   9.1910326e-01   6.6502690e-02
   4.8135700e-02   8.0997936e-01   2.9048233e-02
   4.9955020e-02   8.5648395e-01   2.3966086e-02
   5.1233480e-02   8.6336025e-01   2.2768855e-02
   5.2879860e-02   7.9653900e-01   2.6556211e-02
   5.4432690e-02   8.2358397e-01   2.7012494e-02
   5.5918540e-02   8.1321120e-01   1.7808310e-02
   5.7600770e-02   9.1933019e-01   2.4226200e-02
   5.9168300e-02   7.9447207e-01   2.3098135e-02
   6.0994170e-02   8.8287504e-01   1.6273582e-02
   6.2786910e-02   8.1687764e-01   1.9411573e-02
   6.4587260e-02   8.2570114e-01   1.9968284e-02
   6.6351400e-02   7.9272973e-01   1.5375729e-02
   6.8111210e-02   7.9408533e-01   1.7461682e-02
   6.9991610e-02   7.9421794e-01   1.8565990e-02
   7.1713760e-02   7.6872070e-01   1.4504623e-02
   7.3474520e-02   8.0171037e-01   1.6403096e-02
   7.5415250e-02   7.6446172e-01   1.6385466e-02
   7.7313940e-02   8.0641682e-01   1.2864723e-02
   7.9345300e-02   8.2130112e-01   1.5814403e-02
   8.1486400e-02   7.6271922e-01   1.3237567e-02
   8.3324560e-02   7.8760659e-01   1.3183711e-02
   8.5412800e-02   7.5479501e-01   1.4174460e-02
   8.7591420e-02   7.7724288e-01   1.1960519e-02
   8.9558830e-02   7.9941417e-01   1.3445759e-02
   9.1804350e-02   8.2399891e-01   1.2646287e-02
   9.3880370e-02   7.7893399e-01   1.1444154e-02
   9.6176660e-02   7.7877705e-01   1.2725428e-02
   9.8450500e-02   7.6000642e-01   1.0983533e-02
   1.0051043e-01   8.1653060e-01   1.2462652e-02
   1.0294981e-01   8.2506484e-01   1.0984961e-02
   1.0512391e-01   8.1000382e-01   1.1241672e-02
   1.0755278e-01   7.9719758e-01   1.1174696e-02
   1.0990883e-01   8.0288943e-01   1.0110359e-02
   1.1244154e-01   8.2997311e-01   1.0734544e-02
   1.1499993e-01   8.3187083e-01   9.8376694e-03
   1.1750239e-01   8.5486410e-01   1.0450410e-02
   1.2020322e-01   8.4917338e-01   9.5412368e-03
   1.2282100e-01   9.0059165e-01   1.0222341e-02
   1.2554282e-01   8.2522403e-01   9.6362733e-03
   1.2810408e-01   9.6847065e-01   1.0114411e-02
   1.3102353e-01   9.3582158e-01   9.7530059e-03
   1.3370214e-01   9.4661247e-01   1.0557031e-02
   1.3663349e-01   6.9462547e-01   1.0215261e-02
   1.3946530e-01   6.9201530e-01   1.1696535e-02
   1.4251987e-01   9.8658460e-01   1.2807520e-02
   1.4553400e-01   2.3879144e+00   1.8329086e-02
   1.4856066e-01   3.9929749e+00   1.9440928e-02
   1.5183509e-01   6.7888216e+00   2.6132951e-02
   1.5484856e-01   9.0860294e+00   2.7784620e-02
   1.5828075e-01   9.7267874e+00   2.8508551e-02
   1.6140872e-01   9.2763717e+00   2.8552621e-02
   1.6482463e-01   6.6275261e+00   2.2099468e-02
   1.6831944e-01   4.3349559e+00   1.9485860e-02
   1.7164852e-01   2.1020484e+00   1.4586869e-02
   1.7532467e-01   8.2927647e-01   1.0762566e-02
   1.7876744e-01   4.7008598e-01   9.2464194e-03
   1.8241077e-01   6.4675741e-01   7.4884648e-03
   1.8639341e-01   7.5607985e-01   6.7882138e-03
   1.9008794e-01   8.0337065e-01   6.6082136e-03
   1.9382503e-01   7.6031621e-01   5.9096776e-03
   1.9793047e-01   7.2476744e-01   5.6444742e-03
   2.0196078e-01   7.0743992e-01   5.5044858e-03
   2.0589023e-01   6.6910923e-01   5.2290326e-03
   2.1010643e-01   6.4858079e-01   4.9145604e-03
   2.1447847e-01   6.2043507e-01   4.7844756e-03
   2.1877480e-01   5.7653613e-01   4.6139952e-03
   2.2302420e-01   5.7869851e-01   4.4738516e-03
   2.2751415e-01   5.7018258e-01   4.2541607e-03
   2.3214025e-01   5.6600093e-01   4.1933635e-03
   2.3680051e-01   5.3312716e-01   3.9999351e-03
   2.4155418e-01   5.1400768e-01   3.8636517e-03
   2.4631334e-01   5.0949592e-01   3.8183013e-03
   2.5109113e-01   5.0726716e-01   3.6965362e-03
   2.5611512e-01   4.9597609e-01   3.5177675e-03
   2.6127861e-01   4.8557416e-01   3.4489744e-03
   2.6654021e-01   4.7688378e-01   3.3236601e-03
   2.7185319e-01   4.7129555e-01   3.2825157e-03
   2.7719600e-01   4.6324061e-01   3.1849053e-03
   2.8267257e-01   4.5854553e-01   3.1057211e-03
   2.8829269e-01   4.5723384e-01   3.0330857e-03
   2.9397450e-01   4.5504264e-01   2.9981312e-03
   2.9975375e-01   4.5224172e-01   2.9024484e-03
   3.0567867e-01   4.5593255e-01   2.8722851e-03
   3.1163605e-01   4.5312879e-01   2.8736669e-03
   3.1774468e-01   4.5096858e-01   2.7936333e-03
   3.2400374e-01   4.3972437e-01   2.7611119e-03
   3.3031886e-01   4.2765859e-01   2.7107138e-03
   3.3679567e-01   4.1667565e-01   2.6348399e-03
   3.4347727e-01   4.0005208e-01   2.6052126e-03
   3.5025256e-01   4.0335745e-01   2.6195194e-03
   3.5711088e-01   3.9196336e-01   2.5794713e-03
   3.6402107e-01   3.8862141e-01   2.5887022e-03
   3.7111563e-01   3.8642103e-01   2.5256802e-03
   3.7844949e-01   3.7894942e-01   2.4942647e-03
   3.8585516e-01   3.7860710e-01   2.5197280e-03
   3.9336977e-01   3.7416607e-01   2.4688747e-03
   4.0105392e-01   3.7411279e-01   2.4430923e-03
   4.0888170e-01   3.7739726e-01   2.4697720e-03
   4.1685032e-01   3.7317730e-01   2.4138941e-03
   4.2495624e-01   3.7454594e-01   2.4128158e-03
   4.3328380e-01   3.7876838e-01   2.4005742e-03
   4.4165071e-01   3.7667727e-01   2.3879317e-03
   4.5031574e-01   3.7470321e-01   2.3439442e-03
   4.5900486e-01   3.7460692e-01   2.3695747e-03
   4.6796546e-01   3.6923656e-01   2.2872856e-03
   4.7711386e-01   3.6824009e-01   2.3116975e-03
   4.8626432e-01   3.6711079e-01   2.2795806e-03
   4.9580203e-01   3.6901312e-01   2.2516807e-03
   5.0549565e-01   3.7061720e-01   2.2527709e-03
   5.1522328e-01   3.7036882e-01   2.2457117e-03
   5.2508621e-01   3.7072586e-01   2.2263939e-03
   5.3530281e-01   3.6575576e-01   2.1803714e-03
   5.4573432e-01   3.6829695e-01   2.2066961e-03
   5.5633493e-01   3.6780778e-01   2.1941182e-03
   5.6715525e-01   3.7017941e-01   2.2196559e-03
   5.7784791e-01   3.6416397e-01   2.5696691e-03
   5.8906605e-01   3.6608230e-01   2.9654436e-03
   6.0047680e-01   3.6925260e-01   2.7848700e-03
   6.1204215e-01   3.9681302e-01   2.0044957e-02
   6.2369515e-01   3.2376206e-01   2.7766984e-02
   6.3518401e-01   5.2346016e-01   5.6021721e-02
   6.4574395e-01   3.5116761e-01   1.3626420e-02
