   2.7217200e-03   1.1323888e+01   7.9115888e-01
   3.1947400e-03   3.6635512e+00   1.8983988e+00
   3.6696500e-03   3.7887284e+00   1.0823499e+00
   4.1432700e-03   3.4714214e+00   8.8544477e-01
   4.5822600e-03   1.4692300e+00   9.1408690e-01
   4.9827300e-03   3.8413431e+00   8.0377314e-01
   5.4291200e-03   2.1191465e+00   5.9436613e-01
   5.8870600e-03   1.2710364e+00   5.8862167e-01
   6.3032300e-03   3.0244542e+00   6.3143777e-01
   6.7149800e-03   1.4862670e+00   5.8873269e-01
   7.1309000e-03   1.8900610e+00   5.3498418e-01
   7.5570400e-03   1.9423088e+00   4.7705456e-01
   8.0015700e-03   1.9659386e+00   4.1371674e-01
   8.4631300e-03   1.4982049e+00   3.8477975e-01
   8.9171100e-03   1.6376442e+00   3.9239298e-01
   9.3607800e-03   1.7112817e+00   3.9343856e-01
   9.7989800e-03   1.3788289e+00   4.0102658e-01
   1.0230600e-02   1.9019495e+00   4.0912306e-01
   1.0656500e-02   9.5321720e-01   3.9474972e-01
   1.1091960e-02   2.1350531e+00   3.4243129e-01
   1.1570290e-02   1.0389651e+00   2.9948584e-01
   1.2039530e-02   1.2931383e+00   3.3644573e-01
   1.2475540e-02   1.6595827e+00   3.5499280e-01
   1.2925000e-02   1.7442819e+00   3.3256720e-01
   1.3379170e-02   7.8222867e-01   2.8127945e-01
   1.3885090e-02   1.4590154e+00   2.1932194e-01
   1.4431810e-02   1.1804121e+00   1.9955066e-01
   1.4979470e-02   1.2496130e+00   2.1281491e-01
   1.5499650e-02   1.3294132e+00   2.5238273e-01
   1.5981840e-02   1.3256197e+00   2.7295612e-01
   1.6466130e-02   1.0974559e+00   2.6371074e-01
   1.6959760e-02   1.4111567e+00   2.4965365e-01
   1.7466020e-02   1.0789851e+00   2.1949416e-01
   1.8018950e-02   1.3420988e+00   1.9034181e-01
   1.8580540e-02   9.1592585e-01   2.0070722e-01
   1.9107700e-02   1.1867544e+00   2.1141312e-01
   1.9650390e-02   1.0586843e+00   1.8692825e-01
   2.0237060e-02   1.1469788e+00   1.7093201e-01
   2.0827130e-02   1.0896742e+00   1.8270816e-01
   2.1390100e-02   1.4704399e+00   1.8956191e-01
   2.1968180e-02   9.0244678e-01   1.7648981e-01
   2.2556530e-02   8.8309061e-01   1.8032627e-01
   2.3132000e-02   1.3204331e+00   1.8740510e-01
   2.3715830e-02   1.0981403e+00   1.8256368e-01
   2.4310450e-02   1.2498245e+00   1.7680857e-01
   2.4913840e-02   1.0324471e+00   1.6081269e-01
   2.5555250e-02   9.0210129e-01   1.4677885e-01
   2.6204000e-02   1.0905834e+00   1.4738998e-01
   2.6854130e-02   9.6503180e-01   1.4439492e-01
   2.7516240e-02   9.9582641e-01   1.4505142e-01
   2.8175240e-02   1.1038492e+00   1.3886706e-01
   2.8868320e-02   8.7724919e-01   1.2600714e-01
   2.9607990e-02   1.2350890e+00   1.2614714e-01
   3.0334410e-02   8.1640848e-01   1.4087661e-01
   3.1047270e-02   1.1206916e+00   1.5721199e-01
   3.1763680e-02   6.9050381e-01   1.6887741e-01
   3.2494230e-02   1.2412808e+00   1.7741344e-01
   3.3251100e-02   1.0693390e+00   1.8638177e-01
   3.4009260e-02   7.1973619e-01   1.9997038e-01
   3.4772870e-02   1.0100914e+00   2.1247582e-01
   3.5562360e-02   1.3861730e+00   2.2103769e-01
   3.6367870e-02   6.1326954e-01   2.3637707e-01
   3.7173640e-02   1.1537289e+00   2.5673693e-01
   3.8002500e-02   1.0387622e+00   2.7861354e-01
   3.8841600e-02   6.8477886e-01   3.1074733e-01
   3.9687370e-02   7.4267897e-01   3.7722691e-01
   4.0543830e-02   1.2671616e+00   5.8548147e-01
   4.1341710e-02   1.2495664e+00   1.1748898e+00
   4.2099430e-02   5.4206287e-01   1.2762160e+00
   4.3572810e-02   8.8904742e-01   5.4750656e-01
   4.5044000e-02   1.0792002e+00   1.4029685e-01
   4.6446730e-02   9.7708452e-01   1.2549935e-01
   4.8135700e-02   6.3897239e-01   9.8451148e-02
   4.9955020e-02   9.2890849e-01   1.1320568e-01
   5.1233480e-02   9.6926937e-01   1.2348685e-01
   5.2879860e-02   6.9420578e-01   1.1671138e-01
   5.4432690e-02   8.4857759e-01   1.2872804e-01
   5.5918540e-02   7.1144254e-01   9.9089595e-02
   5.7600770e-02   1.2022681e+00   1.0966239e-01
   5.9168300e-02   5.0412637e-01   1.0081967e-01
   6.0994170e-02   1.0387575e+00   7.3218691e-02
   6.2786910e-02   7.7022305e-01   8.0544050e-02
   6.4587260e-02   8.3353165e-01   8.5592431e-02
   6.6351400e-02   7.6956072e-01   7.6945384e-02
   6.8111210e-02   8.1226237e-01   7.7619117e-02
   6.9991610e-02   8.1428153e-01   8.3967394e-02
   7.1713760e-02   6.8624964e-01   7.9969836e-02
   7.3474520e-02   9.2787253e-01   7.6246684e-02
   7.5415250e-02   6.3704477e-01   7.2113039e-02
   7.7313940e-02   8.4088791e-01   6.2779824e-02
   7.9345300e-02   9.1585120e-01   6.2287626e-02
   8.1486400e-02   6.1692537e-01   6.4268020e-02
   8.3324560e-02   8.9258556e-01   6.6477918e-02
   8.5412800e-02   7.2603580e-01   5.9602263e-02
   8.7591420e-02   7.3889873e-01   5.9259223e-02
   8.9558830e-02   8.1877030e-01   6.2443570e-02
   9.1804350e-02   8.8763957e-01   5.8660110e-02
   9.3880370e-02   7.1797310e-01   5.5179981e-02
   9.6176660e-02   8.2140105e-01   5.4618330e-02
   9.8450500e-02   6.6620698e-01   5.8152126e-02
   1.0051043e-01   8.7614409e-01   5.9027854e-02
   1.0294981e-01   8.5437904e-01   5.3594548e-02
   1.0512391e-01   7.8863784e-01   5.5560956e-02
   1.0755278e-01   7.8645769e-01   5.2430747e-02
   1.0990883e-01   7.8779149e-01   4.9048552e-02
   1.1244154e-01   8.5784773e-01   4.7636017e-02
   1.1499993e-01   8.3003172e-01   4.7795789e-02
   1.1750239e-01   8.4034070e-01   4.7788606e-02
   1.2020322e-01   8.1926628e-01   4.4867742e-02
   1.2282100e-01   1.0664872e+00   4.7485258e-02
   1.2554282e-01   5.3979074e-01   4.8549579e-02
   1.2810408e-01   1.1901000e+00   4.7881339e-02
   1.3102353e-01   8.3784834e-01   4.7092016e-02
   1.3370214e-01   1.1731656e+00   5.0253364e-02
   1.3663349e-01   7.8148512e-01   4.8731017e-02
   1.3946530e-01   6.3907739e-01   5.3337137e-02
   1.4251987e-01   2.9323108e-01   6.0870415e-02
   1.4553400e-01   3.1417210e+00   8.4918577e-02
   1.4856066e-01   2.7068497e+00   9.4963415e-02
   1.5183509e-01   6.8718607e+00   1.2545513e-01
   1.5484856e-01   1.0200372e+01   1.3520995e-01
   1.5828075e-01   9.3334961e+00   1.4017514e-01
   1.6140872e-01   1.0859946e+01   1.4021713e-01
   1.6482463e-01   5.6049488e+00   1.0684862e-01
   1.6831944e-01   4.6063872e+00   9.2697650e-02
   1.7164852e-01   1.7212618e+00   6.9483483e-02
   1.7532467e-01   3.0989267e-01   5.0547180e-02
   1.7876744e-01   3.9693388e-01   4.3441048e-02
   1.8241077e-01   9.7400904e-01   3.3251721e-02
   1.8639341e-01   7.5688334e-01   3.1223605e-02
   1.9008794e-01   8.7411633e-01   3.3356682e-02
   1.9382503e-01   7.5911343e-01   2.8749418e-02
   1.9793047e-01   6.9338201e-01   2.6098632e-02
   2.0196078e-01   7.6313196e-01   2.7457218e-02
   2.0589023e-01   6.2876927e-01   2.5989783e-02
   2.1010643e-01   6.5774709e-01   2.2888928e-02
   2.1447847e-01   6.6025204e-01   2.2516736e-02
   2.1877480e-01   5.1558090e-01   2.3298078e-02
   2.2302420e-01   5.9920344e-01   2.2281807e-02
   2.2751415e-01   5.6729150e-01   2.0362760e-02
   2.3214025e-01   5.9221403e-01   1.9802581e-02
   2.3680051e-01   5.2023571e-01   1.9233359e-02
   2.4155418e-01   4.9696848e-01   1.8937546e-02
   2.4631334e-01   5.1637734e-01   1.9134733e-02
   2.5109113e-01   5.1776893e-01   1.8276596e-02
   2.5611512e-01   4.9138662e-01   1.6835960e-02
   2.6127861e-01   4.8401296e-01   1.6249424e-02
   2.6654021e-01   4.7527109e-01   1.5938659e-02
   2.7185319e-01   4.7715005e-01   1.6019860e-02
   2.7719600e-01   4.6016078e-01   1.5632011e-02
   2.8267257e-01   4.5378558e-01   1.5019290e-02
   2.8829269e-01   4.6302405e-01   1.4694101e-02
   2.9397450e-01   4.5575740e-01   1.4588768e-02
   2.9975375e-01   4.4376496e-01   1.4160072e-02
   3.0567867e-01   4.6352277e-01   1.4086023e-02
   3.1163605e-01   4.4860426e-01   1.4089488e-02
   3.1774468e-01   4.5923816e-01   1.3657892e-02
   3.2400374e-01   4.3391292e-01   1.3516701e-02
   3.3031886e-01   4.2961499e-01   1.3305989e-02
   3.3679567e-01   4.2618433e-01   1.2730272e-02
   3.4347727e-01   3.7319091e-01   1.2492736e-02
   3.5025256e-01   4.2950511e-01   1.2663449e-02
   3.5711088e-01   3.8116577e-01   1.2799593e-02
   3.6402107e-01   3.8381069e-01   1.2768238e-02
   3.7111563e-01   3.9905064e-01   1.2252294e-02
   3.7844949e-01   3.6652295e-01   1.2060221e-02
   3.8585516e-01   3.8816436e-01   1.2257911e-02
   3.9336977e-01   3.6999702e-01   1.2111072e-02
   4.0105392e-01   3.6669853e-01   1.1962403e-02
   4.0888170e-01   3.9317656e-01   1.2009700e-02
   4.1685032e-01   3.6378693e-01   1.1870061e-02
   4.2495624e-01   3.6814110e-01   1.1742542e-02
   4.3328380e-01   3.9191030e-01   1.1757704e-02
   4.4165071e-01   3.7186331e-01   1.1650409e-02
   4.5031574e-01   3.6972917e-01   1.1512999e-02
   4.5900486e-01   3.8417043e-01   1.1544449e-02
   4.6796546e-01   3.6307225e-01   1.1159983e-02
   4.7711386e-01   3.6915437e-01   1.1343393e-02
   4.8626432e-01   3.6573368e-01   1.1180048e-02
   4.9580203e-01   3.6990635e-01   1.0848367e-02
   5.0549565e-01   3.7099690e-01   1.1025730e-02
   5.1522328e-01   3.6879550e-01   1.1226383e-02
   5.2508621e-01   3.7768522e-01   1.0996239e-02
   5.3530281e-01   3.5746548e-01   1.0611928e-02
   5.4573432e-01   3.7142196e-01   1.0578308e-02
   5.5633493e-01   3.6447542e-01   1.0491001e-02
   5.6715525e-01   3.7972280e-01   1.1071096e-02
   5.7784791e-01   3.5827717e-01   1.2544495e-02
   5.8906605e-01   3.6352052e-01   1.4055433e-02
   6.0047680e-01   3.6215863e-01   1.6432908e-02
   6.1204215e-01   3.9681302e-01   2.0044957e-02
   6.2369515e-01   3.2376206e-01   2.7766984e-02
   6.3518401e-01   5.2346016e-01   5.6021721e-02
   6.4574395e-01   3.5116761e-01   1.3626420e-02
