   2.7217200e-03   1.1323888e+01   7.9115888e-01
   3.1947400e-03   3.6635512e+00   1.8983988e+00
   3.6696500e-03   3.4406707e+00   4.7884598e-01
   4.1432700e-03   2.9739520e+00   3.0921486e-01
   4.5822600e-03   2.4024987e+00   2.6598093e-01
   4.9827300e-03   2.9032606e+00   2.3874754e-01
   5.4291200e-03   2.2841224e+00   1.9966127e-01
   5.8870600e-03   1.7975859e+00   1.8798300e-01
   6.3032300e-03   2.2556055e+00   1.7996395e-01
   6.7149800e-03   1.9250696e+00   1.7210339e-01
   7.1309000e-03   1.8013011e+00   1.5800288e-01
   7.5570400e-03   1.9431906e+00   1.4460226e-01
   8.0015700e-03   1.8608230e+00   1.3068036e-01
   8.4631300e-03   1.6252482e+00   1.2184960e-01
   8.9171100e-03   1.6161407e+00   1.1997440e-01
   9.3607800e-03   1.6201365e+00   1.1771364e-01
   9.7989800e-03   1.5715350e+00   1.1874485e-01
   1.0230600e-02   1.5633173e+00   1.1823195e-01
   1.0656500e-02   1.4504501e+00   1.0988007e-01
   1.1091960e-02   1.6348405e+00   1.0587724e-01
   1.1570290e-02   1.3271861e+00   9.5682712e-02
   1.2039530e-02   1.3044429e+00   9.9042294e-02
   1.2475540e-02   1.6036149e+00   9.8678846e-02
   1.2925000e-02   1.4995879e+00   9.3947553e-02
   1.3379170e-02   1.1448800e+00   8.3230094e-02
   1.3885090e-02   1.2525373e+00   7.2012858e-02
   1.4431810e-02   1.2545775e+00   6.8330720e-02
   1.4979470e-02   1.2475434e+00   6.8163171e-02
   1.5499650e-02   1.3124037e+00   7.4537716e-02
   1.5981840e-02   1.2764889e+00   7.6462558e-02
   1.6466130e-02   1.2208032e+00   7.6472244e-02
   1.6959760e-02   1.2642361e+00   7.1610600e-02
   1.7466020e-02   1.2155244e+00   6.6819089e-02
   1.8018950e-02   1.1933739e+00   6.1901592e-02
   1.8580540e-02   1.0690715e+00   6.0603424e-02
   1.9107700e-02   1.0897545e+00   5.9862206e-02
   1.9650390e-02   1.1055104e+00   5.7274580e-02
   2.0237060e-02   1.1130393e+00   5.5370641e-02
   2.0827130e-02   1.1919777e+00   5.4774417e-02
   2.1390100e-02   1.2621605e+00   5.5677817e-02
   2.1968180e-02   1.0209020e+00   5.3707246e-02
   2.2556530e-02   9.7573957e-01   5.4107754e-02
   2.3132000e-02   1.1717685e+00   5.4466615e-02
   2.3715830e-02   1.1892729e+00   5.3511952e-02
   2.4310450e-02   1.1698990e+00   5.1480334e-02
   2.4913840e-02   1.0507234e+00   4.8536552e-02
   2.5555250e-02   9.6792034e-01   4.5240994e-02
   2.6204000e-02   1.0185112e+00   4.5047112e-02
   2.6854130e-02   9.9946183e-01   4.3191326e-02
   2.7516240e-02   1.0134652e+00   4.3234276e-02
   2.8175240e-02   1.0270185e+00   4.1150851e-02
   2.8868320e-02   1.0077964e+00   3.9971778e-02
   2.9607990e-02   1.0691535e+00   4.1054065e-02
   3.0334410e-02   9.8037147e-01   4.2896009e-02
   3.1047270e-02   9.4992511e-01   4.7057607e-02
   3.1763680e-02   9.0849110e-01   5.0328290e-02
   3.2494230e-02   1.0837231e+00   5.3847594e-02
   3.3251100e-02   1.0336157e+00   5.7199424e-02
   3.4009260e-02   8.5607675e-01   5.9440539e-02
   3.4772870e-02   1.0319168e+00   6.3892991e-02
   3.5562360e-02   1.1389166e+00   6.8076103e-02
   3.6367870e-02   9.0647426e-01   7.1274859e-02
   3.7173640e-02   1.0061701e+00   7.7919588e-02
   3.8002500e-02   9.8933072e-01   8.5531945e-02
   3.8841600e-02   7.6726311e-01   9.7697731e-02
   3.9687370e-02   8.3257435e-01   1.3185431e-01
   4.0543830e-02   1.1501964e+00   2.2651783e-01
   4.1341710e-02   1.0595436e+00   1.9409714e-01
   4.2099430e-02   7.7771231e-01   3.8738303e-01
   4.3572810e-02   8.4726069e-01   1.2467150e-01
   4.5044000e-02   1.0202844e+00   1.3392454e-01
   4.6446730e-02   9.2197308e-01   4.1499553e-02
   4.8135700e-02   7.4998680e-01   3.8512028e-02
   4.9955020e-02   8.7088435e-01   3.3534719e-02
   5.1233480e-02   9.0345412e-01   3.3391143e-02
   5.2879860e-02   7.7909856e-01   3.8966678e-02
   5.4432690e-02   7.7480397e-01   3.7276335e-02
   5.5918540e-02   8.5113552e-01   2.8806435e-02
   5.7600770e-02   9.3446075e-01   3.4231755e-02
   5.9168300e-02   7.7910991e-01   3.0603557e-02
   6.0994170e-02   8.7073916e-01   2.4360892e-02
   6.2786910e-02   8.4804911e-01   2.6231648e-02
   6.4587260e-02   8.0337889e-01   2.7198755e-02
   6.6351400e-02   7.9297454e-01   2.2569402e-02
   6.8111210e-02   8.0310060e-01   2.5083418e-02
   6.9991610e-02   7.8468613e-01   2.6431801e-02
   7.1713760e-02   7.7225235e-01   2.1675979e-02
   7.3474520e-02   8.1007403e-01   2.4023423e-02
   7.5415250e-02   7.4328687e-01   2.3004729e-02
   7.7313940e-02   8.1369373e-01   1.8125599e-02
   7.9345300e-02   8.4301726e-01   2.2314633e-02
   8.1486400e-02   7.4550225e-01   1.8719043e-02
   8.3324560e-02   7.8753427e-01   1.8844347e-02
   8.5412800e-02   7.6289485e-01   2.0624236e-02
   8.7591420e-02   7.5209719e-01   1.6971390e-02
   8.9558830e-02   8.1632977e-01   1.9281840e-02
   9.1804350e-02   8.3641929e-01   1.8200654e-02
   9.3880370e-02   7.8025967e-01   1.6162637e-02
   9.6176660e-02   7.6395379e-01   1.8872297e-02
   9.8450500e-02   7.4971307e-01   1.5485573e-02
   1.0051043e-01   8.2284529e-01   1.8499482e-02
   1.0294981e-01   8.4655663e-01   1.6107512e-02
   1.0512391e-01   8.0371642e-01   1.6341345e-02
   1.0755278e-01   7.8517738e-01   1.6315428e-02
   1.0990883e-01   8.0195770e-01   1.4440220e-02
   1.1244154e-01   8.3689448e-01   1.5660558e-02
   1.1499993e-01   8.3875886e-01   1.3809928e-02
   1.1750239e-01   8.3132436e-01   1.5141220e-02
   1.2020322e-01   8.8058680e-01   1.3576439e-02
   1.2282100e-01   8.9617635e-01   1.5014265e-02
   1.2554282e-01   8.0529454e-01   1.3784011e-02
   1.2810408e-01   9.6117233e-01   1.4984401e-02
   1.3102353e-01   9.9156541e-01   1.4110652e-02
   1.3370214e-01   1.0010187e+00   1.5325692e-02
   1.3663349e-01   8.0234891e-01   1.4609532e-02
   1.3946530e-01   5.1242397e-01   1.7409700e-02
   1.4251987e-01   9.0962998e-01   1.8643023e-02
   1.4553400e-01   2.3142176e+00   2.6373368e-02
   1.4856066e-01   3.6351838e+00   2.9143580e-02
   1.5183509e-01   6.8111363e+00   3.7369487e-02
   1.5484856e-01   9.4090851e+00   4.0219976e-02
   1.5828075e-01   1.0090627e+01   4.1771833e-02
   1.6140872e-01   9.4977365e+00   4.0329506e-02
   1.6482463e-01   6.6056199e+00   3.3349302e-02
   1.6831944e-01   4.1242137e+00   2.8457338e-02
   1.7164852e-01   2.0106569e+00   2.1316184e-02
   1.7532467e-01   5.1610878e-01   1.6586530e-02
   1.7876744e-01   4.4067313e-01   1.2999010e-02
   1.8241077e-01   7.7493403e-01   1.0918101e-02
   1.8639341e-01   8.1809440e-01   9.9083586e-03
   1.9008794e-01   8.1419627e-01   9.4167571e-03
   1.9382503e-01   7.6821019e-01   8.7379281e-03
   1.9793047e-01   7.1980516e-01   8.3888293e-03
   2.0196078e-01   7.1506927e-01   7.9579332e-03
   2.0589023e-01   6.6530403e-01   7.6396029e-03
   2.1010643e-01   6.5184198e-01   7.2120475e-03
   2.1447847e-01   6.2771212e-01   6.9993170e-03
   2.1877480e-01   5.6567891e-01   6.7582840e-03
   2.2302420e-01   5.7177167e-01   6.6032940e-03
   2.2751415e-01   5.8086688e-01   6.2577247e-03
   2.3214025e-01   5.7144148e-01   6.0671529e-03
   2.3680051e-01   5.3088523e-01   5.8291254e-03
   2.4155418e-01   5.0486813e-01   5.7409666e-03
   2.4631334e-01   5.1190575e-01   5.6150389e-03
   2.5109113e-01   5.1191971e-01   5.4397824e-03
   2.5611512e-01   4.9554592e-01   5.1565176e-03
   2.6127861e-01   4.8331855e-01   5.0034563e-03
   2.6654021e-01   4.7741006e-01   4.8436108e-03
   2.7185319e-01   4.7279245e-01   4.8126690e-03
   2.7719600e-01   4.6222851e-01   4.6627676e-03
   2.8267257e-01   4.5686787e-01   4.5702354e-03
   2.8829269e-01   4.5927840e-01   4.4445281e-03
   2.9397450e-01   4.5458922e-01   4.3834848e-03
   2.9975375e-01   4.5068379e-01   4.2839226e-03
   3.0567867e-01   4.5593040e-01   4.2360154e-03
   3.1163605e-01   4.5493922e-01   4.2086493e-03
   3.1774468e-01   4.5176446e-01   4.1225725e-03
   3.2400374e-01   4.3895793e-01   4.0667667e-03
   3.3031886e-01   4.3007884e-01   3.9685072e-03
   3.3679567e-01   4.1482070e-01   3.8715137e-03
   3.4347727e-01   3.9692590e-01   3.8091902e-03
   3.5025256e-01   4.0594158e-01   3.8394975e-03
   3.5711088e-01   3.9263743e-01   3.8022047e-03
   3.6402107e-01   3.8631131e-01   3.8022393e-03
   3.7111563e-01   3.8839153e-01   3.7174360e-03
   3.7844949e-01   3.7843502e-01   3.6667263e-03
   3.8585516e-01   3.7898292e-01   3.6789011e-03
   3.9336977e-01   3.7306812e-01   3.6361169e-03
   4.0105392e-01   3.7314578e-01   3.6004733e-03
   4.0888170e-01   3.8084799e-01   3.6272448e-03
   4.1685032e-01   3.7117729e-01   3.5439629e-03
   4.2495624e-01   3.7219296e-01   3.5633515e-03
   4.3328380e-01   3.8243293e-01   3.5149300e-03
   4.4165071e-01   3.7607068e-01   3.5188125e-03
   4.5031574e-01   3.7341769e-01   3.4502012e-03
   4.5900486e-01   3.7633809e-01   3.4689382e-03
   4.6796546e-01   3.6908077e-01   3.3822087e-03
   4.7711386e-01   3.6672521e-01   3.3955914e-03
   4.8626432e-01   3.6730942e-01   3.3359371e-03
   4.9580203e-01   3.6918590e-01   3.3241885e-03
   5.0549565e-01   3.7030689e-01   3.3180375e-03
   5.1522328e-01   3.7147094e-01   3.3104483e-03
   5.2508621e-01   3.7122106e-01   3.2912157e-03
   5.3530281e-01   3.6493720e-01   3.2136983e-03
   5.4573432e-01   3.6652142e-01   3.1990426e-03
   5.5633493e-01   3.6954953e-01   3.2467803e-03
   5.6715525e-01   3.7157304e-01   3.3208319e-03
   5.7784791e-01   3.6417278e-01   3.7904395e-03
   5.8906605e-01   3.6149495e-01   4.3385650e-03
   6.0047680e-01   3.7025238e-01   5.0928489e-03
   6.1204215e-01   3.7271661e-01   6.6301584e-03
   6.2369515e-01   3.2376206e-01   2.7766984e-02
   6.3518401e-01   5.2346016e-01   5.6021721e-02
   6.4574395e-01   3.5116761e-01   1.3626420e-02
